Stage ID,Real Duration,Estimated Duration,Error,Error Percentage,Size,Error/AppDuration
0,7457,8562,1105,0.14818291538152073,28.740164923481643,0.006709820018945374
1,136683,143616,6933,0.05072320625096025,28.740164923481643,0.04209880741298487
2,3475,10789,7314,2.104748201438849,28.740164923481643,0.04441232906657599
3,366,2407,2041,5.576502732240437,28.740164923481643,0.012393432270287339
4,2444,8682,6238,2.5523731587561374,28.740164923481643,0.037878603871657236
5,157,190,33,0.21019108280254778,28.740164923481643,2.0038376527167182E-4
6,2000,1405,595,0.2975,28.740164923481643,0.0036129800102013554
7,124,153,29,0.23387096774193547,28.740164923481643,1.7609482402662069E-4
8,3638,980,2658,0.7306212204507971,28.740164923481643,0.016140001457336475
0,7968,9205,1237,0.15524598393574296,33.53023000713438,0.005655529342916186
1,171503,170020,1483,0.008647079059841519,33.53023000713438,0.006780234450723286
2,9709,16342,6633,0.6831805541250386,33.53023000713438,0.030325890162945082
3,403,2330,1927,4.781637717121588,33.53023000713438,0.008810190011155612
4,6461,14253,7792,1.2060052623432904,33.53023000713438,0.035624805691190725
5,150,218,68,0.4533333333333333,33.53023000713438,3.108940948409868E-4
6,5688,7799,2111,0.3711322081575246,33.53023000713438,0.009651432856019458
7,120,120,0,0.0,33.53023000713438,0.0
8,7356,8461,1105,0.15021750951604132,33.53023000713438,0.005052029041166035
0,11533,9849,1684,0.1460157808029134,38.32025950308889,0.005622779603066485
1,205887,196424,9463,0.045962105426763225,38.32025950308889,0.031596415311055906
2,22592,21895,697,0.030851628895184138,38.32025950308889,0.0023272431017442637
3,737,2253,1516,2.056987788331072,38.32025950308889,0.005061837219862702
4,18934,19824,890,0.04700538713425584,38.32025950308889,0.0029716590538771803
5,220,246,26,0.11818181818181818,38.32025950308889,8.681251168629965E-5
6,17343,14193,3150,0.1816294758692268,38.32025950308889,0.010517669685070919
7,127,112,15,0.11811023622047244,38.32025950308889,5.008414135748057E-5
8,14003,15943,1940,0.1385417410554881,38.32025950308889,0.00647754894890082
0,13202,10492,2710,0.20527192849568246,43.11029945407063,0.006538723235871773
1,219526,222828,3302,0.015041498501316473,43.11029945407063,0.007967108533154464
2,56086,27449,28637,0.5105908782940485,43.11029945407063,0.06909572594304796
3,11245,2176,9069,0.8064917741218319,43.11029945407063,0.021881801116649856
4,49752,25395,24357,0.4895682585624698,43.11029945407063,0.05876888629377446
5,265,274,9,0.033962264150943396,43.11029945407063,2.1715317019500354E-5
6,22780,20588,2192,0.09622475856014047,43.11029945407063,0.00528888610074942
7,204,131,73,0.35784313725490197,43.11029945407063,1.7613534915816953E-4
8,33068,23424,9644,0.29164146606991653,43.11029945407063,0.023269168592895715
0,9667,11135,1468,0.15185683252301646,47.900273703970015,0.0038578685539037267
1,250394,249232,1162,0.004640686278425202,47.900273703970015,0.003053707942531424
2,24269,33002,8733,0.359841773455849,47.900273703970015,0.02295011313436052
3,1472,2099,627,0.42595108695652173,47.900273703970015,0.0016477408605569733
4,32641,30966,1675,0.0513158297846267,47.900273703970015,0.004401859555714402
5,644,303,341,0.5295031055900621,47.900273703970015,8.961397662678275E-4
6,27619,26982,637,0.02306383286867736,47.900273703970015,0.0016740206190985517
7,196,177,19,0.09693877551020408,47.900273703970015,4.9931541228999186E-5
8,25153,30906,5753,0.22872023217906412,47.900273703970015,0.015118745088970122
0,11891,11779,112,0.009418888234799428,52.6902616051957,2.650034545093177E-4
1,274515,275635,1120,0.00407992277289037,52.6902616051957,0.002650034545093177
2,38114,38555,441,0.011570551503384582,52.6902616051957,0.0010434511021304386
3,1722,2022,300,0.17421602787456447,52.6902616051957,7.098306817213868E-4
4,30094,36537,6443,0.2140958330564232,52.6902616051957,0.015244796941102982
5,238,331,93,0.3907563025210084,52.6902616051957,2.2004751133362989E-4
6,27470,33376,5906,0.2149981798325446,52.6902616051957,0.0139742000208217
7,224,249,25,0.11160714285714286,52.6902616051957,5.915255681011556E-5
8,30172,38387,8215,0.27227230544876047,52.6902616051957,0.019437530167803974
0,12215,12422,207,0.016946377404830126,57.480357999913394,4.0981334684859474E-4
1,300223,302040,1817,0.006052167888536188,57.480357999913394,0.0035972504890043316
2,42415,44109,1694,0.039938700931274315,57.480357999913394,0.003353738210442123
3,814,1945,1131,1.3894348894348894,57.480357999913394,0.0022391250979988436
4,44539,42108,2431,0.05458137811805384,57.480357999913394,0.004812832107192917
5,397,359,38,0.09571788413098237,57.480357999913394,7.523143565336522E-5
6,40709,39770,939,0.023066152447861654,57.480357999913394,0.0018590083704871038
7,292,347,55,0.18835616438356165,57.480357999913394,1.0888760423513387E-4
8,55110,45869,9241,0.16768281618581019,57.480357999913394,0.018295097286124946
0,13223,13065,158,0.011948876956817666,62.27034529671073,2.9430501175357356E-4
1,334708,328443,6265,0.018717807760794482,62.27034529671073,0.011669752523013534
2,46261,49662,3401,0.07351764985625041,62.27034529671073,0.0063350085124930615
3,856,1868,1012,1.1822429906542056,62.27034529671073,0.0018850422271811168
4,43363,47679,4316,0.09953185895809792,62.27034529671073,0.008039369814736857
5,287,387,100,0.34843205574912894,62.27034529671073,1.8626899478074276E-4
6,44283,46165,1882,0.04249937899419642,62.27034529671073,0.003505582481773579
7,299,472,173,0.5785953177257525,62.27034529671073,3.22245360970685E-4
8,44995,53350,8355,0.1856872985887321,62.27034529671073,0.015562774513931059
0,12723,13709,986,0.07749744557101312,67.06044321041554,0.0016937011837013039
1,350569,354848,4279,0.012205871026816403,67.06044321041554,0.007350250877340649
2,54742,55216,474,0.008658799459281722,67.06044321041554,8.142133479456573E-4
3,1557,1791,234,0.15028901734104047,67.06044321041554,4.019534249351979E-4
4,50584,53250,2666,0.05270441246243872,67.06044321041554,0.0045795206447745195
5,266,415,149,0.5601503759398496,67.06044321041554,2.5594470220232686E-4
6,50291,52559,2268,0.04509753236165517,67.06044321041554,0.0038958562724488413
7,883,623,260,0.2944507361268403,67.06044321041554,4.4661491659466433E-4
8,52104,60832,8728,0.16751113158298786,67.06044321041554,0.014992519200147039
0,14696,14352,344,0.023407729994556342,71.85040968284011,5.137487529645095E-4
1,380335,381251,916,0.002408403118303601,71.85040968284011,0.0013680054003357288
2,60130,60769,639,0.010626974887743224,71.85040968284011,9.543181777451209E-4
3,1440,1714,274,0.19027777777777777,71.85040968284011,4.092068555589407E-4
4,58709,58821,112,0.0019077143197806128,71.85040968284011,1.6726703584891007E-4
5,547,443,104,0.19012797074954296,71.85040968284011,1.553193904311308E-4
6,63611,58953,4658,0.07322632877961359,71.85040968284011,0.006956516544501992
7,722,801,79,0.10941828254847645,71.85040968284011,1.179829985005705E-4
8,80871,68313,12558,0.15528434172942093,71.85040968284011,0.018754816394559042
0,14059,14995,936,0.0665765701685753,76.64049359224737,0.0011653328419679184
1,440546,407656,32890,0.07465735700698678,76.64049359224737,0.0409485012524838
2,144985,66322,78663,0.5425595751284615,76.64049359224737,0.09793651426038714
3,4928,1637,3291,0.6678165584415584,76.64049359224737,0.004097340152688483
4,66580,64392,2188,0.0328627215379994,76.64049359224737,0.0027240900194720145
5,306,472,166,0.5424836601307189,76.64049359224737,2.0667227752849837E-4
6,60176,65348,5172,0.0859478862004786,76.64049359224737,0.00643921096010478
7,245,1005,760,3.1020408163265305,76.64049359224737,9.462104272389082E-4
8,62294,75795,13501,0.2167303432112242,76.64049359224737,0.016808930234411185
0,12559,15639,3080,0.24524245560952304,81.43043289892375,0.004059875251105921
1,432191,434059,1868,0.004322163117695649,81.43043289892375,0.002462287976969435
2,71949,71876,73,0.0010146075692504413,81.43043289892375,9.622431601647149E-5
3,1817,1560,257,0.1414419372592185,81.43043289892375,3.3876231803059144E-4
4,83608,69963,13645,0.16320208592479188,81.43043289892375,0.017986038247188404
5,336,500,164,0.4880952380952381,81.43043289892375,2.1617517570823733E-4
6,72431,71742,689,0.009512501553202359,81.43043289892375,9.081993662376556E-4
7,219,1236,1017,4.6438356164383565,81.43043289892375,0.0013405497176541303
8,74986,83276,8290,0.1105539700744139,81.43043289892375,0.010927391503788337
0,14760,16282,1522,0.10311653116531165,86.22053877916187,0.0018405583107496102
1,471185,460463,10722,0.02275539331685007,86.22053877916187,0.012966140741036348
2,96771,77429,19342,0.19987392917299604,86.22053877916187,0.02339032775723979
3,726,1483,757,1.0426997245179064,86.22053877916187,9.154419456225065E-4
4,82136,75534,6602,0.08037888380247395,86.22053877916187,0.007983814696168809
5,275,528,253,0.92,86.22053877916187,3.059535168328853E-4
6,71743,78136,6393,0.08910973892923352,86.22053877916187,0.007731070486611208
7,287,1493,1206,4.2020905923344944,86.22053877916187,0.0014584187403180223
8,80770,90757,9987,0.12364739383434444,86.22053877916187,0.012077303449051483
0,20668,16925,3743,0.18110121927617573,91.01053673308343,0.003944405277894575
1,531810,486867,44943,0.08450950527444012,91.01053673308343,0.04736131616468498
2,119437,82982,36455,0.30522367440575365,91.01053673308343,0.038416589475192824
3,1780,1406,374,0.2101123595505618,91.01053673308343,3.9412438523445657E-4
4,99262,81105,18157,0.1829199492252826,91.01053673308343,0.019134001237171197
5,467,556,89,0.1905781584582441,91.01053673308343,9.378895798360063E-5
6,82170,84530,2360,0.028720944383594987,91.01053673308343,0.002486988099340421
7,456,1776,1320,2.8947368421052633,91.01053673308343,0.0013910272420039644
8,84150,98239,14089,0.16742721330956625,91.01053673308343,0.01484710819135898
0,16518,17569,1051,0.06362755781571619,95.80052619148046,0.0010729997131180597
1,520299,513271,7028,0.013507617735186883,95.80052619148046,0.007175111307130088
2,129369,88536,40833,0.3156320293115043,95.80052619148046,0.041687723392720956
3,782,1329,547,0.6994884910485933,95.80052619148046,5.584498982641091E-4
4,97264,86676,10588,0.10885836486264189,95.80052619148046,0.010809629840622278
5,311,584,273,0.8778135048231511,95.80052619148046,2.7871448304588986E-4
6,91646,90925,721,0.007867228247823146,95.80052619148046,7.360920962494015E-4
7,1004,2086,1082,1.0776892430278884,95.80052619148046,0.001104648610460267
8,113788,105720,8068,0.07090378598797764,95.80052619148046,0.008236880766352525
0,15808,18212,2404,0.1520748987854251,100.59219423029572,0.0024268120331112455
1,519792,539684,19892,0.038269153815372305,100.59219423029572,0.020080759135877247
2,132699,94091,38608,0.29094416687390257,100.59219423029572,0.038974358974358976
3,1175,1252,77,0.06553191489361702,100.59219423029572,7.773066828184939E-5
4,105231,92248,12983,0.12337619142648079,100.59219423029572,0.013106198263678578
5,862,612,250,0.2900232018561485,100.59219423029572,2.523722996163941E-4
6,104157,97321,6836,0.06563169062088962,100.59219423029572,0.00690086816071068
7,1130,2422,1292,1.143362831858407,100.59219423029572,0.0013042600444175248
8,100752,113204,12452,0.1235905986977926,100.59219423029572,0.012570159499293358
0,14152,18856,4704,0.3323911814584511,105.38289699982852,0.004686248490717164
1,555788,566092,10304,0.018539443097008213,105.38289699982852,0.01026511574157093
2,110017,99645,10372,0.09427633911122826,105.38289699982852,0.010332859129617011
3,1111,1175,64,0.0576057605760576,105.38289699982852,6.375848286690019E-5
4,101940,97820,4120,0.04041593093976849,105.38289699982852,0.004104452334556699
5,487,640,153,0.3141683778234086,105.38289699982852,1.5242262310368325E-4
6,95314,103716,8402,0.08815074385714586,105.38289699982852,0.00837029332887024
7,438,2785,2347,5.358447488584475,105.38289699982852,0.0023381431138846053
8,115616,120687,5071,0.0438607113202325,105.38289699982852,0.005051863540907044
0,14794,19499,4705,0.3180343382452345,110.17364143114537,0.0042529535655207945
1,598474,592499,5975,0.009983725274615104,110.17364143114537,0.005400934655470085
2,127632,105199,22433,0.17576313150307132,110.17364143114537,0.020277684874671197
3,1887,1098,789,0.41812400635930047,110.17364143114537,7.131945511574723E-4
4,120149,103392,16757,0.13946849328750135,110.17364143114537,0.015147022932504136
5,617,669,52,0.08427876823338736,110.17364143114537,4.700395013965597E-5
6,110682,110112,570,0.0051498888708191035,110.17364143114537,5.15235607300075E-4
7,732,3174,2442,3.3360655737704916,110.17364143114537,0.00220737781232769
8,121974,128169,6195,0.05078951251906144,110.17364143114537,0.005599797521445553
0,15353,20142,4789,0.3119260079463297,114.96432723104954,0.004284507778139617
1,590664,618907,28243,0.047815678626088605,114.96432723104954,0.02526777055293322
2,125081,110753,14328,0.11454977174790736,114.96432723104954,0.012818631748837841
3,1701,1021,680,0.39976484420928865,114.96432723104954,6.08366107566285E-4
4,114337,108964,5373,0.046992662042908244,114.96432723104954,0.004806986905814191
5,599,697,98,0.1636060100166945,114.96432723104954,8.767629197278814E-5
6,130715,116507,14208,0.10869448800826224,114.96432723104954,0.012711273023973204
7,788,3589,2801,3.5545685279187818,114.96432723104954,0.0025059315695487713
8,129893,135652,5759,0.044336492343698276,114.96432723104954,0.005152324137462111
0,14898,20786,5888,0.3952208350114109,119.75514771044254,0.005252289179196011
1,608351,645315,36964,0.06076097516072136,119.75514771044254,0.032973100750645606
2,115627,116308,681,0.00588962785508575,119.75514771044254,6.074743429063321E-4
3,1282,944,338,0.26365054602184085,119.75514771044254,3.015070894307493E-4
4,118685,114535,4150,0.034966507983317185,119.75514771044254,0.0037019361572118623
5,535,725,190,0.35514018691588783,119.75514771044254,1.6948623370367563E-4
6,114446,122902,8456,0.07388637435996015,119.75514771044254,0.007543029432622532
7,1724,4031,2307,1.338167053364269,119.75514771044254,0.002057919690286209
8,136749,143134,6385,0.046691383483608656,119.75514771044254,0.005695629485252467
0,15451,21429,5978,0.3869005242379134,124.5458171274513,0.004817195567019697
1,641095,671723,30628,0.047774510797931664,124.5458171274513,0.02468067344039466
2,149362,121862,27500,0.1841164419330218,124.5458171274513,0.022160066593014664
3,1338,867,471,0.35201793721973096,124.5458171274513,3.795415041930875E-4
4,135210,120107,15103,0.1117003180238148,124.5458171274513,0.012170308572883653
5,512,753,241,0.470703125,124.5458171274513,1.942027654151467E-4
6,136256,129297,6959,0.05107298027242837,124.5458171274513,0.005607705578937783
7,523,4500,3977,7.604206500956023,124.5458171274513,0.0032047485396516115
8,152645,150617,2028,0.013285728323888761,124.5458171274513,0.0016342041836594086
0,15601,22073,6472,0.41484520223062626,129.33662301301956,0.004953401139006733
1,673241,698131,24890,0.03697041624024681,129.33662301301956,0.019049776630079972
2,154549,127416,27133,0.1755624429792493,129.33662301301956,0.020766476066852547
3,1211,790,421,0.3476465730800991,129.33662301301956,3.2221598880127235E-4
4,142972,125679,17293,0.12095375318244132,129.33662301301956,0.013235347017435636
5,612,781,169,0.2761437908496732,129.33662301301956,1.2934561070644898E-4
6,141634,135693,5941,0.041946142875298305,129.33662301301956,0.0045469956994497835
7,515,4995,4480,8.699029126213592,129.33662301301956,0.0034288067216857484
8,167483,158100,9383,0.05602359642471176,129.33662301301956,0.007181360149459236
0,14584,22716,8132,0.5575973669775096,134.127282214351,0.006078154967538826
1,698495,724538,26043,0.03728444727592896,134.127282214351,0.019465493091442895
2,145187,132970,12217,0.08414665224847954,134.127282214351,0.009131433747961366
3,1130,713,417,0.36902654867256635,134.127282214351,3.11681089702864E-4
4,144457,131251,13206,0.09141820749427165,134.127282214351,0.009870648610589982
5,649,810,161,0.24807395993836673,134.127282214351,1.2033730321861177E-4
6,162830,142088,20742,0.12738438862617454,134.127282214351,0.015503331325220157
7,729,5516,4787,6.566529492455419,134.127282214351,0.0035779793199223263
8,159738,165582,5844,0.03658490778650039,134.127282214351,0.004368019875835821
0,14892,23360,8468,0.5686274509803921,138.91800726298243,0.0060229138157164765
1,706372,750946,44574,0.06310272774119019,138.91800726298243,0.031703514456984674
2,155133,138524,16609,0.10706297177260803,138.91800726298243,0.011813246996366905
3,1179,636,543,0.46055979643765904,138.91800726298243,3.862118802472894E-4
4,170052,136822,33230,0.19541081551525416,138.91800726298243,0.023635029061910548
5,1007,838,169,0.16782522343594836,138.91800726298243,1.2020222423902745E-4
6,187272,148483,38789,0.20712653253022342,138.91800726298243,0.02758889985803335
7,576,6064,5488,9.527777777777779,138.91800726298243,0.0039033716368271163
8,160698,173064,12366,0.07695179778217526,138.91800726298243,0.008795388786626116
0,15117,24003,8886,0.5878150426671959,143.70876368600875,0.006192545947561972
1,742916,777354,34438,0.04635517339780002,143.70876368600875,0.02399942576436408
2,175960,144078,31882,0.18118890656967493,143.70876368600875,0.02221818027235773
3,1129,559,570,0.5048715677590788,143.70876368600875,3.972261073723075E-4
4,158897,142394,16503,0.10385973303460733,143.70876368600875,0.011500741140289808
5,618,866,248,0.40129449838187703,143.70876368600875,1.728282011023373E-4
6,170226,154878,15348,0.09016248986641288,143.70876368600875,0.010695835606930132
7,1290,6638,5348,4.145736434108527,143.70876368600875,0.003726956530222983
8,160142,180547,20405,0.1274181663773401,143.70876368600875,0.014219997756020937
0,16237,24646,8409,0.5178912360657757,148.499510246329,0.005683534781489074
1,760357,803762,43405,0.05708502716487124,148.499510246329,0.029336880388932483
2,165800,149633,16167,0.09750904704463209,148.499510246329,0.010927067048678065
3,1033,482,551,0.5333978702807357,148.499510246329,3.724138024260292E-4
4,168602,147966,20636,0.12239475213817155,148.499510246329,0.013947606582329472
5,512,894,382,0.74609375,148.499510246329,2.5818887935888054E-4
6,188291,161273,27018,0.14349066073258945,148.499510246329,0.0182611181741315
7,489,7238,6749,13.80163599182004,148.499510246329,0.004561562164379802
8,168983,188030,19047,0.11271548025541031,148.499510246329,0.012873621950650779
0,14413,25290,10877,0.7546659265940471,153.29030040837824,0.00714330747548408
1,782596,830170,47574,0.06078998614866419,153.29030040837824,0.031243514741075628
2,174605,155187,19418,0.11121101915752699,153.29030040837824,0.012752481801870908
3,1111,405,706,0.6354635463546354,153.29030040837824,4.636549671501113E-4
4,193724,153538,40186,0.2074394499390886,153.29030040837824,0.02639155596302319
5,581,922,341,0.5869191049913941,153.29030040837824,2.2394666260366563E-4
6,171727,167669,4058,0.023630529852614907,153.29030040837824,0.0026650309584917158
7,693,7866,7173,10.35064935064935,153.29030040837824,0.004710760735648368
8,172894,195512,22618,0.1308200400245237,153.29030040837824,0.014854034060908239
0,15249,25933,10684,0.7006361072857237,158.0810078876093,0.006844058724124987
1,811223,856578,45355,0.05590941085250295,158.0810078876093,0.029053938921067838
2,188284,160741,27543,0.14628433642794927,158.0810078876093,0.017643757903273542
3,1061,328,733,0.6908576814326107,158.0810078876093,4.6955213822385015E-4
4,178451,159110,19341,0.10838269328835366,158.0810078876093,0.012389642435726447
5,553,950,397,0.7179023508137432,158.0810078876093,2.5431405030677833E-4
6,179712,174064,5648,0.031428062678062675,158.0810078876093,0.003618049763558398
7,545,8519,7974,14.63119266055046,158.0810078876093,0.005108061050746223
8,176320,202995,26675,0.15128743194192376,158.0810078876093,0.01708772617615444
0,15389,26577,11188,0.7270128013516148,162.8716962300241,0.006795275619245911
1,851749,882985,31236,0.03667277566513139,162.8716962300241,0.018971865323808124
2,183671,166295,17376,0.09460393856406292,162.8716962300241,0.01055369227386637
3,1214,251,963,0.7932454695222405,162.8716962300241,5.848990365868621E-4
4,207357,164681,42676,0.20580930472566636,162.8716962300241,0.025920198634871158
5,627,979,352,0.5614035087719298,162.8716962300241,2.1379487110963184E-4
6,201689,180459,21230,0.10526107026164044,162.8716962300241,0.01289450316379967
7,464,9199,8735,18.825431034482758,162.8716962300241,0.005305392611200665
8,175613,210477,34864,0.19852744386805077,162.8716962300241,0.021175410188540352
0,15285,27220,11935,0.7808308799476611,167.66250798664987,0.007141497997269057
1,884062,909394,25332,0.028654098920663937,167.66250798664987,0.015157807060479244
2,189060,171849,17211,0.09103459219295462,167.66250798664987,0.01029847691922897
3,1304,174,1130,0.8665644171779141,167.66250798664987,6.761535598587378E-4
4,192548,170253,22295,0.1157893096786256,167.66250798664987,0.013340569572611113
5,498,1007,509,1.0220883534136547,167.66250798664987,3.045682849275199E-4
6,179333,186854,7521,0.041938739663084874,167.66250798664987,0.004500310551944749
7,759,9905,9146,12.050065876152832,167.66250798664987,0.005472655272980544
8,198695,217960,19265,0.09695764865749013,167.66250798664987,0.011527520646618215
0,15250,27864,12614,0.8271475409836065,172.45326486974955,0.007353026900862964
1,901248,935802,34554,0.03834016829995739,172.45326486974955,0.020142420448106775
2,201085,177404,23681,0.11776611880548027,172.45326486974955,0.013804267483695563
3,1089,97,992,0.9109274563820018,172.45326486974955,5.782624612062835E-4
4,199974,175825,24149,0.1207606988908558,172.45326486974955,0.014077076789990463
5,835,1035,200,0.23952095808383234,172.45326486974955,1.1658517363029909E-4
6,192654,193250,596,0.0030936289929095685,172.45326486974955,3.474238174182913E-4
7,512,10638,10126,19.77734375,172.45326486974955,0.005902707340902043
8,193947,225443,31496,0.1623948810757578,172.45326486974955,0.0183598331432995
0,15109,28507,13398,0.8867562380038387,177.2439858727157,0.007352707133080816
1,932729,962209,29480,0.03160617928680249,177.2439858727157,0.016178370374923305
2,209626,182958,26668,0.12721704368732886,177.2439858727157,0.014635168967383132
3,1069,20,1049,0.9812909260991581,177.2439858727157,5.756821751456767E-4
4,239210,181397,57813,0.2416830400066887,177.2439858727157,0.03172727701782365
5,669,1063,394,0.5889387144992526,177.2439858727157,2.1622381030257065E-4
6,209949,199645,10304,0.049078585751777815,177.2439858727157,0.0056547465516692584
7,576,11397,10821,18.786458333333332,177.2439858727157,0.005938471703766795
8,204116,232925,28809,0.14114033196809658,177.2439858727157,0.01581013134773289
0,15037,29150,14113,0.9385515727871251,182.03466241713613,0.00732859231102768
1,986833,988617,1784,0.0018078033466655452,182.03466241713613,9.263947199655198E-4
2,237607,188512,49095,0.2066227005096651,182.03466241713613,0.025494029583356052
3,1785,-56,1841,1.031372549019608,182.03466241713613,9.559936544038801E-4
4,235956,186968,48988,0.20761497906389326,182.03466241713613,0.02543846667134018
5,621,1091,470,0.7568438003220612,182.03466241713613,2.4406138922858427E-4
6,222355,206040,16315,0.07337365923860494,182.03466241713613,0.008472045883541175
7,575,12183,11608,20.187826086956523,182.03466241713613,0.006027797034394481
8,216268,240408,24140,0.11162076682634509,182.03466241713613,0.012535408374421329
0,15199,29794,14595,0.9602605434568063,186.82544892653823,0.006991251714281745
1,976696,1015025,38329,0.03924353125230368,186.82544892653823,0.018360238914471052
2,246486,194066,52420,0.2126692793911216,186.82544892653823,0.025110066109122926
3,1566,-133,1699,1.0849297573435503,186.82544892653823,8.13849719942767E-4
4,288857,192540,96317,0.3334418068456018,186.82544892653823,0.046137471145219246
5,1595,1119,476,0.2984326018808777,186.82544892653823,2.2801204631710248E-4
6,273269,212435,60834,0.2226158107944919,186.82544892653823,0.02914051433961053
7,631,12995,12364,19.594294770206023,186.82544892653823,0.005922565001396334
8,274419,247890,26529,0.09667333530112711,186.82544892653823,0.012707839446946242
0,15022,30437,15415,1.0261616296099054,191.61611462850124,0.007963996433121545
1,995483,1041432,45949,0.04615749339767731,191.61611462850124,0.02373906403538773
2,234054,199620,34434,0.14711989540875184,191.61611462850124,0.017789961283042964
3,1167,-210,1377,1.179948586118252,191.61611462850124,7.114124611358007E-4
4,221620,198112,23508,0.10607345907409078,191.61611462850124,0.012145159140436023
5,782,1148,366,0.4680306905370844,191.61611462850124,1.8909002234982066E-4
6,223709,218831,4878,0.02180511289219477,191.61611462850124,0.0025201670191869543
7,644,13833,13189,20.479813664596275,191.61611462850124,0.0068139571168628005
8,233817,255373,21556,0.0921917568012591,191.61611462850124,0.01113667902123698
