Stage ID,Real Duration,Estimated Duration,Error,Error Percentage,Size,Error/AppDuration
0,15228,11350,3878,0.25466246388232205,2.2809087680652738,0.003408152145255128
64,7838,974,6864,0.8757336055116101,2.2809087680652738,0.006032376566537184
128,14807,1934,12873,0.8693861011683663,2.2809087680652738,0.01131334259047686
65,15024,13829,1195,0.07953940362087326,2.2809087680652738,0.0010502170741567504
3,17431,15687,1744,0.1000516321496185,2.2809087680652738,0.0015327017383509394
4,9345,7828,1517,0.16233279828785446,2.2809087680652738,0.0013332044363981508
5,12839,8795,4044,0.3149778020095023,2.2809087680652738,0.003554040040075229
6,20326,20706,380,0.018695267145527897,2.2809087680652738,3.339602411544478E-4
7,21850,17839,4011,0.18356979405034324,2.2809087680652738,0.0035250382296591848
8,9065,34183,25118,2.770876999448428,2.2809087680652738,0.022074771940309
9,21275,8363,12912,0.6069095182138661,2.2809087680652738,0.011347617457332185
270,18352,12760,5592,0.3047079337401918,2.2809087680652738,0.004914488601409664
207,6662,7852,1190,0.17862503752626838,2.2809087680652738,0.0010458228604573498
208,7142,9247,2105,0.2947353682441893,2.2809087680652738,0.001849963967447665
209,12431,25847,13416,1.0792373903949803,2.2809087680652738,0.011790554198231768
18,6086,8995,2909,0.4779822543542557,2.2809087680652738,0.0025565535303112862
82,6356,8475,2119,0.3333857772183763,2.2809087680652738,0.0018622677658059867
19,7641,13373,5732,0.7501635911529905,2.2809087680652738,0.005037526584992881
83,8036,6519,1517,0.18877551020408162,2.2809087680652738,0.0013332044363981508
20,14453,16523,2070,0.14322286030581885,2.2809087680652738,0.0018192044715518605
84,21543,8732,12811,0.594671122870538,2.2809087680652738,0.011258854340604292
151,6187,7583,1396,0.2256343946985615,2.2809087680652738,0.0012268644648726556
152,7591,2493,5098,0.671584771439863,2.2809087680652738,0.004480340287908882
153,12760,7271,5489,0.43017241379310345,2.2809087680652738,0.004823967799202011
31,5180,37578,32398,6.254440154440155,2.2809087680652738,0.028472747086636316
32,11114,6994,4120,0.3707036170595645,2.2809087680652738,0.0036208320883061185
33,19871,34964,15093,0.759549091641085,2.2809087680652738,0.01326437347301074
103,5858,7898,2040,0.3482417207237965,2.2809087680652738,0.0017928391893554567
104,8318,-122,8440,1.0146669872565521,2.2809087680652738,0.0074174327245882625
105,22043,35143,13100,0.5942929728258404,2.2809087680652738,0.011512839892429648
46,4912,4555,357,0.07267915309446255,2.2809087680652738,3.137468581372049E-4
238,6136,7118,982,0.16003911342894395,2.2809087680652738,8.630235705622836E-4
47,7490,3903,3587,0.47890520694259014,2.2809087680652738,0.0031524089079500114
239,7563,31014,23451,3.1007536691788973,2.2809087680652738,0.020609741092928832
48,16221,35342,19121,1.178780593058381,2.2809087680652738,0.016804352029247887
240,15292,100057,84765,5.543094428459325,2.2809087680652738,0.07449510484593887
178,6008,2827,3181,0.5294607190412783,2.2809087680652738,0.00279559875555868
179,7351,10183,2832,0.38525370697864236,2.2809087680652738,0.0024888826393405163
180,16126,30992,14866,0.9218653106784075,2.2809087680652738,0.01306487617105795
126,5937,10366,4429,0.7459996631295267,2.2809087680652738,0.0038923944949290773
63,6566,10132,3566,0.5431008224185196,2.2809087680652738,0.0031339532104125286
127,7878,7503,375,0.047600913937547604,2.2809087680652738,3.295660274550472E-4
0,23485,26055,2570,0.10943155205450288,4.838452653028071,0.002740833405320203
64,11994,12493,499,0.04160413540103385,4.838452653028071,5.321695989318215E-4
128,39671,48855,9184,0.23150412139850268,4.838452653028071,0.00979448015348667
65,50576,51456,880,0.017399557102182852,4.838452653028071,9.384954850901862E-4
3,21123,22961,1838,0.08701415518628983,4.838452653028071,0.0019601757972679116
4,13756,16380,2624,0.1907531259086944,4.838452653028071,0.0027984229009961918
5,18676,21671,2995,0.16036624544870423,4.838452653028071,0.0031940840657330768
6,26800,28376,1576,0.05880597014925373,4.838452653028071,0.0016807600960251517
7,50018,64219,14201,0.28391778959574554,4.838452653028071,0.01514497089064288
8,16437,40974,24537,1.4927906552290564,4.838452653028071,0.026168026951883975
9,41408,91077,49669,1.1995025115919629,4.838452653028071,0.05297060482834598
270,11000,14652,3652,0.332,4.838452653028071,0.003894756263124273
207,12582,16757,4175,0.3318232395485614,4.838452653028071,0.004452521193467645
208,12858,10862,1996,0.15523409550474412,4.838452653028071,0.002128678395727286
209,36525,48731,12206,0.33418206707734427,4.838452653028071,0.013017358967057743
18,12011,17635,5624,0.4682374490050787,4.838452653028071,0.005997839327440008
82,14421,17814,3393,0.23528188059080507,4.838452653028071,0.003618539978307957
19,13338,21564,8226,0.6167341430499326,4.838452653028071,0.008772799841308946
83,12718,16786,4068,0.31986161346123604,4.838452653028071,0.004338408674257816
20,40959,72447,31488,0.7687687687687688,4.838452653028071,0.0335810748119543
84,35551,54293,18742,0.5271862957441422,4.838452653028071,0.019987820888136672
151,12886,16543,3657,0.28379636815148224,4.838452653028071,0.0039000886238350126
152,11397,11312,85,0.007458103009563921,4.838452653028071,9.065013208257481E-5
153,37470,47738,10268,0.274032559380838,4.838452653028071,0.010950535955575037
31,12415,43802,31387,2.52815142972211,4.838452653028071,0.03347336112559736
32,14896,17248,2352,0.15789473684210525,4.838452653028071,0.0025083424783319524
33,37953,62101,24148,0.6362606381577214,4.838452653028071,0.025753169288588427
103,15699,17150,1451,0.09242626918912032,4.838452653028071,0.0015474510782566592
104,12292,11026,1266,0.10299381711682395,4.838452653028071,0.0013501537319592907
105,37880,59893,22013,0.5811246040126716,4.838452653028071,0.02347625126510258
46,16362,13699,2663,0.16275516440532942,4.838452653028071,0.0028400153145399613
238,12682,16437,3755,0.29608894496136257,4.838452653028071,0.004004602893765511
47,11025,14165,3140,0.28480725623582764,4.838452653028071,0.003348722526344528
239,10065,36785,26720,2.6547441629408843,4.838452653028071,0.028496135638192928
48,43196,61428,18232,0.4220761181590888,4.838452653028071,0.01944392009564122
240,37621,111944,74323,1.9755721538502433,4.838452653028071,0.07926340902086126
178,11678,12457,779,0.06670662784723412,4.838452653028071,8.307817987332444E-4
179,12783,18152,5369,0.42001095204568567,4.838452653028071,0.005725888931192284
180,41940,54135,12195,0.2907725321888412,4.838452653028071,0.013005627773494115
126,12054,19108,7054,0.5851999336319894,4.838452653028071,0.007522894490711561
63,12853,18777,5924,0.46090406908892867,4.838452653028071,0.00631778097008439
127,10447,11537,1090,0.10433617306403753,4.838452653028071,0.0011624546349412535
0,38130,40681,2551,0.06690270128507737,7.3821560107171535,0.0012034125780437351
64,19824,23950,4126,0.2081315577078289,7.3821560107171535,0.0019464054476708943
128,56579,90952,34373,0.6075222255607204,7.3821560107171535,0.016215170735044027
65,63231,86108,22877,0.36180038272366405,7.3821560107171535,0.010792030399022552
3,29467,29769,302,0.01024875284216242,7.3821560107171535,1.4246593436660447E-4
4,22640,24885,2245,0.09916077738515901,7.3821560107171535,0.00105905967765903
5,31103,34478,3375,0.10851043307719513,7.3821560107171535,0.0015921275777724838
6,35911,36005,94,0.002617582356381053,7.3821560107171535,4.434370142536696E-5
7,68425,105274,36849,0.5385312385823895,7.3821560107171535,0.017383202700248374
8,34053,47728,13675,0.4015798901712037,7.3821560107171535,0.006451065074381842
9,147258,162279,15021,0.10200464490893534,7.3821560107171535,0.007086029139472734
270,8019,16534,8515,1.061853098890136,7.3821560107171535,0.004016878911031911
207,18534,25614,7080,0.38200064745872453,7.3821560107171535,0.003339929852038277
208,15938,16720,782,0.049065127368553146,7.3821560107171535,3.6890185653869103E-4
209,60692,71491,10799,0.17793119356752127,7.3821560107171535,0.005094336507367423
18,37317,26229,11088,0.297129994372538,7.3821560107171535,0.0052306698021752
82,25944,27102,1158,0.04463459759481961,7.3821560107171535,5.462766622401589E-4
19,38929,29709,9220,0.2368414292686686,7.3821560107171535,0.004349456671722163
83,14499,26996,12497,0.8619215118284019,7.3821560107171535,0.005895353582051179
20,102127,121461,19334,0.1893133059817678,7.3821560107171535,0.009120650248489837
84,75361,95911,20550,0.27268746433831825,7.3821560107171535,0.009694287917992457
151,22623,25454,2831,0.12513813375768024,7.3821560107171535,0.0013355001993107856
152,14444,20084,5640,0.390473553032401,7.3821560107171535,0.0026606220855220175
153,58743,84451,25708,0.4376351224826788,7.3821560107171535,0.012127530598333337
31,41774,49993,8219,0.1967491741274477,7.3821560107171535,0.0038772434256924577
32,35969,27447,8522,0.2369262420417582,7.3821560107171535,0.004020181101563587
33,74912,89092,14180,0.18928876548483553,7.3821560107171535,0.006689294534167058
103,28424,26352,2072,0.07289614410357445,7.3821560107171535,9.774483973761738E-4
104,18712,22115,3403,0.18186190679777683,7.3821560107171535,0.0016053363398991888
105,61769,84509,22740,0.3681458336706115,7.3821560107171535,0.010727401812902602
46,23553,22794,759,0.03222519424277162,7.3821560107171535,3.580518019346119E-4
238,23364,25705,2341,0.10019688409518918,7.3821560107171535,0.0011043468620934472
47,19927,24372,4445,0.22306418427259497,7.3821560107171535,0.002096890987614427
239,140267,42524,97743,0.6968353212088374,7.3821560107171535,0.046109429876804706
48,85189,87374,2185,0.02564885137752527,7.3821560107171535,0.001030755187387519
240,367008,123767,243241,0.6627675690993112,7.3821560107171535,0.1147468753022094
178,18735,22036,3301,0.17619428876434481,7.3821560107171535,0.0015572187064376204
179,14732,26078,11346,0.7701601954928048,7.3821560107171535,0.005352379110342697
180,62419,77152,14733,0.23603389993431487,7.3821560107171535,0.006950167586169483
126,22816,27803,4987,0.21857468443197756,7.3821560107171535,0.0023525748830670744
63,45350,27375,17975,0.39636163175303196,7.3821560107171535,0.008479553543840118
127,16420,17093,673,0.04098660170523752,7.3821560107171535,3.174820325454464E-4
0,57150,55348,1802,0.03153105861767279,9.9330182550475,5.43025750329296E-4
64,39975,35439,4536,0.11347091932457787,9.9330182550475,0.0013669061062673068
128,158228,128590,29638,0.18731198018049902,9.9330182550475,0.00893129699681447
65,143970,118081,25889,0.17982218517746754,9.9330182550475,0.0078015503053691145
3,33720,36167,2447,0.07256820877817319,9.9330182550475,7.373940127945545E-4
4,34137,33413,724,0.0212086592260597,9.9330182550475,2.1817460779046077E-4
5,47451,47321,130,0.0027396682893932687,9.9330182550475,3.91749986364087E-5
6,40744,43656,2912,0.07147064598468486,9.9330182550475,8.775199694555549E-4
7,169456,141363,28093,0.16578344821074498,9.9330182550475,0.00846571720532792
8,135537,54501,81036,0.5978883994776334,9.9330182550475,0.024419886073077043
9,255785,222601,33184,0.1297339562523213,9.9330182550475,0.009999870421158356
270,29227,18421,10806,0.36972662264344613,9.9330182550475,0.003256346425115634
207,32458,34495,2037,0.06275802575636207,9.9330182550475,6.138420940181886E-4
208,32336,25659,6677,0.20648812469074715,9.9330182550475,0.002012088199194622
209,124756,94315,30441,0.24400429638654653,9.9330182550475,0.009173277949930133
18,39656,34847,4809,0.12126790397417793,9.9330182550475,0.0014491736034037649
82,28885,36417,7532,0.2607581789856327,9.9330182550475,0.0022697391517648487
19,66308,37878,28430,0.4287567111057489,9.9330182550475,0.008567270855639226
83,42555,37235,5320,0.12501468687580777,9.9330182550475,0.0016031614826591868
20,215615,163998,51617,0.23939429074971594,9.9330182550475,0.015554583881657754
84,173322,133943,39379,0.2272013939372959,9.9330182550475,0.01186670977925491
151,34564,34391,173,0.005005207730586738,9.9330182550475,5.2132882800759274E-5
152,29131,28880,251,0.008616250729463459,9.9330182550475,7.56378819826045E-5
153,152298,117728,34570,0.22698919224152647,9.9330182550475,0.010417536175851144
31,147242,56202,91040,0.6183018432240801,9.9330182550475,0.02743455289122037
32,33965,37675,3710,0.1092300897983218,9.9330182550475,0.001117994191854433
33,135725,116159,19566,0.1441591453306318,9.9330182550475,0.005896138640922866
103,39195,35579,3616,0.09225666539099375,9.9330182550475,0.0010896676543788758
104,34034,33235,799,0.023476523476523476,9.9330182550475,2.4077556854223503E-4
105,133406,109195,24211,0.18148359144266374,9.9330182550475,0.007295891476816085
46,30643,31914,1271,0.041477662108801355,9.9330182550475,3.830109482067343E-4
238,33050,35000,1950,0.059001512859304085,9.9330182550475,5.876249795461305E-4
47,39443,34607,4836,0.12260730674644424,9.9330182550475,0.0014573099492744036
239,26834,48280,21446,0.7992099575165834,9.9330182550475,0.006462669390434008
48,174841,113393,61448,0.3514507466784107,9.9330182550475,0.01851711781700032
240,97572,135623,38051,0.3899786824088878,9.9330182550475,0.011466522100876828
178,31089,31641,552,0.017755476213451703,9.9330182550475,1.6634307113305849E-4
179,51067,34027,17040,0.3336792840777802,9.9330182550475,0.005134938282803109
180,141691,100235,41456,0.29258033326040467,9.9330182550475,0.012492605719007378
126,32776,36522,3746,0.11429094459360507,9.9330182550475,0.0011288426530152846
63,30946,35997,5051,0.1632198022361533,9.9330182550475,0.0015220993700961565
127,25510,24213,1297,0.05084280674245394,9.9330182550475,3.90845947934016E-4
0,70322,69935,387,0.005503256448906459,12.470088510774076,8.688986810252735E-5
64,35838,46866,11028,0.307718064624142,12.470088510774076,0.0024760244584875234
128,201406,161478,39928,0.19824632831196687,12.470088510774076,0.008964699363301581
65,178521,147123,31398,0.17587846807938562,12.470088510774076,0.007049529919077917
3,44338,42104,2234,0.05038567368848392,12.470088510774076,5.015813057908168E-4
4,42332,41896,436,0.010299536993291128,12.470088510774076,9.789142762972074E-5
5,56592,60094,3502,0.06188153802657619,12.470088510774076,7.862747237598212E-4
6,56528,51265,5263,0.09310430229266912,12.470088510774076,0.0011816573018697712
7,209557,172208,37349,0.17822835791693906,12.470088510774076,0.008385658097574402
8,91119,61238,29881,0.3279338008538285,12.470088510774076,0.00670893061698093
9,391856,271590,120266,0.3069137642399249,12.470088510774076,0.027002317512192647
270,27903,20298,7605,0.2725513385657456,12.470088510774076,0.0017074869429450142
207,77807,43329,34478,0.4431220841312478,12.470088510774076,0.007741056517930073
208,35506,36413,907,0.025544978313524473,12.470088510774076,2.036411120645796E-4
209,196485,117015,79470,0.4044583555996641,12.470088510774076,0.01784273338012364
18,44049,43418,631,0.014324956298667393,12.470088510774076,1.4167314411549033E-4
82,80060,45681,34379,0.4294154384211841,12.470088510774076,0.007718828877252682
19,41218,46003,4785,0.11609005774176331,12.470088510774076,0.0010743359660738848
83,64206,47419,16787,0.2614553157025823,12.470088510774076,0.003769044485367252
20,308366,199731,108635,0.35229240577755006,12.470088510774076,0.024390906515033742
84,207282,168092,39190,0.1890661031831032,12.470088510774076,0.00879900240552467
151,70565,43279,27286,0.38667894848721035,12.470088510774076,0.006126297005285688
152,42296,37628,4668,0.11036504634007945,12.470088510774076,0.0010480669361824229
153,190428,147309,43119,0.2264320373054383,12.470088510774076,0.009681147862307175
31,110985,62376,48609,0.4379781051493445,12.470088510774076,0.010913771572598843
32,54072,47847,6225,0.1151242787394585,12.470088510774076,0.001397647103199568
33,242925,143079,99846,0.411015745600494,12.470088510774076,0.022417585970452056
103,44406,44757,351,0.00790433725172274,12.470088510774076,7.880708967438527E-5
104,39637,44295,4658,0.11751646189166688,12.470088510774076,0.0010458217199523835
105,217570,133747,83823,0.3852691087925725,12.470088510774076,0.01882007600505982
46,46557,40985,5572,0.11968125093970831,12.470088510774076,0.0012510344833779907
238,73630,44244,29386,0.3991036262393046,12.470088510774076,0.006597792413593976
47,42379,44787,2408,0.056820595106066685,12.470088510774076,5.406480681935035E-4
239,57141,54004,3137,0.05489928422673737,12.470088510774076,7.043243313633806E-4
48,178859,139271,39588,0.2213363599259752,12.470088510774076,0.008888362011480239
240,191471,147415,44056,0.23009228551582223,12.470088510774076,0.009891524623061873
178,49029,41194,7835,0.15980338167207164,12.470088510774076,0.001759126916235922
179,60173,41932,18241,0.303142605487511,12.470088510774076,0.004095498925214991
180,163540,123192,40348,0.24671639965757614,12.470088510774076,0.009058998444963239
126,84456,45194,39262,0.4648811215307379,12.470088510774076,0.008815167962380953
63,55396,44573,10823,0.19537511733699184,12.470088510774076,0.0024299975257717145
127,34570,32831,1739,0.05030373155915534,12.470088510774076,3.904431024038632E-4
0,88494,84546,3948,0.044613194114855245,15.0111934710294,0.00118243491142071
64,62197,58311,3886,0.06247889769603036,15.0111934710294,0.0011638657714743868
128,136256,189872,53616,0.3934945984030061,15.0111934710294,0.01605811302196879
65,138669,173455,34786,0.25085635578247484,15.0111934710294,0.010418485518916113
3,50234,47626,2608,0.051917028307520804,15.0111934710294,7.811018867743696E-4
4,58915,50392,8523,0.14466604430111177,15.0111934710294,0.002552657738105043
5,84642,72888,11754,0.13886722903523074,15.0111934710294,0.0035203495311142414
6,60555,58886,1669,0.02756172074973165,15.0111934710294,4.998692672647327E-4
7,272152,198056,74096,0.2722596196243276,15.0111934710294,0.022191919249399422
8,49985,67985,18000,0.36010803240972294,15.0111934710294,0.005391040629577705
9,256193,309654,53461,0.20867471008185234,15.0111934710294,0.016011690172102983
270,12824,22178,9354,0.7294135995009358,15.0111934710294,0.002801544113837214
207,43050,52177,9127,0.21200929152148665,15.0111934710294,0.0027335571014530952
208,39455,47865,8410,0.213154226333798,15.0111934710294,0.002518813983041583
209,102074,139752,37678,0.3691243607578815,15.0111934710294,0.01128464604673493
18,47058,52003,4945,0.1050830889540567,15.0111934710294,0.001481038661847875
82,42221,54960,12739,0.30172189194950383,15.0111934710294,0.0038153592544550212
19,43699,54140,10441,0.238929952630495,15.0111934710294,0.0031271030674122676
83,39215,57619,18404,0.46931021292872627,15.0111934710294,0.005512039541486004
20,181653,228952,47299,0.2603810561895482,15.0111934710294,0.014166157263244215
84,136296,198619,62323,0.4572621353524682,15.0111934710294,0.018665879175398404
151,43551,52181,8630,0.1981584808615187,15.0111934710294,0.0025847044796253106
152,44162,46391,2229,0.05047325755174131,15.0111934710294,6.675905312960391E-4
153,151318,173422,22104,0.1460764747088912,15.0111934710294,0.006620197893121422
31,43255,68561,25306,0.5850421916541441,15.0111934710294,0.007579204120671855
32,49079,58036,8957,0.18250168096334482,15.0111934710294,0.0026826417177293056
33,142089,170042,27953,0.19672881081575633,15.0111934710294,0.008371986595476976
103,51492,53949,2457,0.047716150081566065,15.0111934710294,7.358770459373567E-4
104,41501,55372,13871,0.3342329100503602,15.0111934710294,0.004154395809604019
105,152646,158338,5692,0.037288890635850266,15.0111934710294,0.0017047668479753498
46,41272,50070,8798,0.21317115720100796,15.0111934710294,0.0026350208588347026
238,45584,53503,7919,0.1737232362232362,15.0111934710294,0.0023717583747569914
47,71287,54984,16303,0.22869527403313367,15.0111934710294,0.004882785299111406
239,42427,59738,17311,0.4080184787988781,15.0111934710294,0.005184683574367758
48,127876,165190,37314,0.2917983046075886,15.0111934710294,0.011175627225114582
240,114653,159225,44572,0.38875563657296364,15.0111934710294,0.013349414607863192
178,41560,50763,9203,0.2214388835418672,15.0111934710294,0.002756319273000201
179,40303,49850,9547,0.23688062923355582,15.0111934710294,0.002859348049476575
180,108894,146186,37292,0.3424614762980513,15.0111934710294,0.01116903817545621
126,42471,53880,11409,0.26863035953945047,15.0111934710294,0.0034170212523806686
63,41839,53163,11324,0.27065656444943714,15.0111934710294,0.003391563560518774
127,36262,42998,6736,0.1857591969554906,15.0111934710294,0.0020174472044908564
0,92872,99197,6325,0.06810448789732104,17.559313969686627,0.0016161383874388358
64,54158,69788,15630,0.28860002215739133,17.559313969686627,0.003993714307615653
128,211539,213778,2239,0.010584336694415686,17.559313969686627,5.721002133558188E-4
65,204246,197090,7156,0.035036181859130655,17.559313969686627,0.0018284721423734876
3,49930,52736,2806,0.056198678149409174,17.559313969686627,7.169777573365017E-4
4,55777,58912,3135,0.05620596303135701,17.559313969686627,8.010425050783795E-4
5,81059,85717,4658,0.0574643161154221,17.559313969686627,0.0011901932978166162
6,62902,66528,3626,0.05764522590696639,17.559313969686627,9.265008368147382E-4
7,170078,218904,48826,0.2870800456261245,17.559313969686627,0.012475821803176064
8,59351,74751,15400,0.25947330289295883,17.559313969686627,0.003934945638981513
9,301274,336765,35491,0.11780306299249188,17.559313969686627,0.009068516602148888
270,19415,24063,4648,0.23940252382178728,17.559313969686627,0.001187638138310784
207,50984,61049,10065,0.19741487525498194,17.559313969686627,0.0025717680426200606
208,58337,58845,508,0.008708024067058642,17.559313969686627,1.298021028962733E-4
209,143770,162552,18782,0.13063921541350768,17.559313969686627,0.004799100583853947
18,55474,60611,5137,0.09260193964740239,17.559313969686627,0.0013125854381459763
82,55649,64264,8615,0.15480961023558376,17.559313969686627,0.0022012699142743984
19,55720,62300,6580,0.11809045226130653,17.559313969686627,0.0016812949548375557
83,76836,67848,8988,0.11697641730438857,17.559313969686627,0.0022965773638419376
20,194441,251651,57210,0.2942280691829398,17.559313969686627,0.01461806753286574
84,187522,225535,38013,0.20271221510009493,17.559313969686627,0.009712927829519758
151,50870,61108,10238,0.20125810890505208,17.559313969686627,0.0026159723020709566
152,54910,55177,267,0.004862502276452377,17.559313969686627,6.822275880571845E-5
153,137018,196076,59058,0.4310236611248157,17.559313969686627,0.015090261009543521
31,56904,74763,17859,0.313844369464361,17.559313969686627,0.00456325936146564
32,51678,68252,16574,0.3207167460041023,17.559313969686627,0.004234921364966208
33,154244,197080,42836,0.27771582687170976,17.559313969686627,0.010945281259182604
103,69365,63167,6198,0.08935342031283788,17.559313969686627,0.0015836878617147675
104,68637,66480,2157,0.03142619869749552,17.559313969686627,5.511479054079951E-4
105,139736,182997,43261,0.30959094292093664,17.559313969686627,0.01105387553818047
46,57093,59181,2088,0.036571908990594294,17.559313969686627,5.335173048177532E-4
238,57218,62788,5570,0.09734698870984655,17.559313969686627,0.0014232238447485085
47,52945,65208,12263,0.2316177164982529,17.559313969686627,0.0031333921020019677
239,49062,65487,16425,0.33478048183930537,17.559313969686627,0.004196849488329309
48,157031,191181,34150,0.21747298304156504,17.559313969686627,0.008725869712416798
240,128520,171068,42548,0.3310613134142546,17.559313969686627,0.010871692665414639
178,62253,60358,1895,0.03044030006586028,17.559313969686627,4.842027263551927E-4
179,56368,57790,1422,0.02522707919386886,17.559313969686627,3.6334368172933197E-4
180,172768,169244,3524,0.02039729579551769,17.559313969686627,9.004382098552502E-4
126,61061,62589,1528,0.025024156171697155,17.559313969686627,3.904283724911528E-4
63,55128,61776,6648,0.12059207662168045,17.559313969686627,0.0016986700394772145
127,52869,54738,1869,0.035351529251546276,17.559313969686627,4.775593116400291E-4
0,110560,113930,3370,0.030481186685962374,20.121650571003556,7.339249741384004E-4
64,85456,81328,4128,0.04830556075641266,20.121650571003556,8.990036478466816E-4
128,235045,233204,1841,0.007832542704588483,20.121650571003556,4.0093646213317365E-4
65,168127,218058,49931,0.2969838277016779,20.121650571003556,0.010874067621277291
3,59952,57442,2510,0.04186682679476915,20.121650571003556,5.466325475036751E-4
4,62747,67479,4732,0.07541396401421582,20.121650571003556,0.0010305439102738607
5,91265,98617,7352,0.0805566208294527,20.121650571003556,0.0016011324658354658
6,77480,74212,3268,0.04217862674238513,20.121650571003556,7.117112212119563E-4
7,156488,234748,78260,0.5001022442615408,20.121650571003556,0.017043610823760005
8,77185,81554,4369,0.056604262486234375,20.121650571003556,9.514890836826918E-4
9,307879,352863,44984,0.14610934815300816,20.121650571003556,0.009796700604344748
270,25740,25959,219,0.008508158508158508,20.121650571003556,4.769423422442424E-5
207,66806,69971,3165,0.047375984193036555,20.121650571003556,6.892796863940763E-4
208,68433,68179,254,0.0037116595794426666,20.121650571003556,5.531660042467469E-5
209,152543,185478,32935,0.21590633460729106,20.121650571003556,0.007172646594435673
18,67129,69268,2139,0.03186402300049159,20.121650571003556,4.658354657810203E-4
82,68055,73621,5566,0.08178679009624569,20.121650571003556,0.0012121740077312571
19,69548,70506,958,0.013774659228158969,20.121650571003556,2.0863505199542658E-4
83,67230,78133,10903,0.1621746244236204,20.121650571003556,0.002374475962323733
20,221864,267810,45946,0.20709083041863485,20.121650571003556,0.010006206783905918
84,280649,248871,31778,0.11323040523928465,20.121650571003556,0.006920672946044536
151,61067,70084,9017,0.1476574909525603,20.121650571003556,0.0019637393150759514
152,60277,64013,3736,0.06198052325099126,20.121650571003556,8.136331464038766E-4
153,222503,215289,7214,0.0324220347590819,20.121650571003556,0.0015710785648173355
31,64340,80999,16659,0.2589213552999689,20.121650571003556,0.0036280285294277782
32,75877,78526,2649,0.034911765093506596,20.121650571003556,5.769042304132412E-4
33,217604,224269,6665,0.03062903255454863,20.121650571003556,0.0014515163064191213
103,64607,72436,7829,0.12117881963254756,20.121650571003556,0.0017050144280503076
104,62375,77650,15275,0.24488977955911823,20.121650571003556,0.0033266183916807316
105,211175,207794,3381,0.0160104178998461,20.121650571003556,7.363205749441934E-4
46,57673,68342,10669,0.18499124373623707,20.121650571003556,0.002323514999727773
238,61239,72124,10885,0.17774620748216005,20.121650571003556,0.0023705558882778895
47,69521,75489,5968,0.08584456495159735,20.121650571003556,0.0012997223280884194
239,62793,71268,8475,0.13496727342219675,20.121650571003556,0.0018457015299177873
48,195288,217317,22029,0.11280262996190242,20.121650571003556,0.004797517286437633
240,150921,182977,32056,0.21240251522319625,20.121650571003556,0.006981216311863669
178,63802,70006,6204,0.09723833108679979,20.121650571003556,0.001351118854467251
179,58953,65774,6821,0.11570233915152749,20.121650571003556,0.0014854902814830948
180,186587,192430,5843,0.03131515057319106,20.121650571003556,0.0012724995916589535
126,65745,71348,5603,0.08522321089056202,20.121650571003556,0.001220231937714379
63,61885,70437,8552,0.1381918073846651,20.121650571003556,0.0018624707355583384
127,90323,68103,22220,0.2460060006864254,20.121650571003556,0.0048391136277018566
0,131638,129519,2119,0.016097175587596286,22.83291306067258,3.5248144274197625E-4
64,114942,93540,21402,0.18619825651197996,22.83291306067258,0.00356007920602349
128,287401,248724,38677,0.1345750362733602,22.83291306067258,0.006433659632341395
65,300385,237191,63194,0.2103766832564875,22.83291306067258,0.010511898203226261
3,59089,61951,2862,0.048435410990201225,22.83291306067258,4.760745111503238E-4
4,79416,76545,2871,0.03615140525838622,22.83291306067258,4.775716008080292E-4
5,118920,112267,6653,0.05594517322569795,22.83291306067258,0.0011066819436349072
6,83186,82344,842,0.010121895511263915,22.83291306067258,1.4006105464310712E-4
7,244592,245921,1329,0.005433538300516779,22.83291306067258,2.2107023945450044E-4
8,89027,88753,274,0.0030777179956642366,22.83291306067258,4.557806291236503E-5
9,366969,357705,9264,0.02524463919295635,22.83291306067258,0.0015410042876647797
270,22990,27964,4974,0.2163549369290996,22.83291306067258,8.273915508251958E-4
207,81744,79412,2332,0.02852808768839303,22.83291306067258,3.8791256464100455E-4
208,80686,74846,5840,0.07237934709862925,22.83291306067258,9.714448445555174E-4
209,214904,209737,5167,0.02404329374976734,22.83291306067258,8.59495806818212E-4
18,82372,78427,3945,0.04789248773855193,22.83291306067258,6.562242999608761E-4
82,90843,83521,7322,0.08060059663375274,22.83291306067258,0.00121796560819101
19,71547,79188,7641,0.10679693068891777,22.83291306067258,0.001271029119391902
83,131925,89016,42909,0.3252529846503695,22.83291306067258,0.007137624458053544
20,290247,277627,12620,0.04348020823643311,22.83291306067258,0.002099252386693601
84,293044,269490,23554,0.08037700823084588,22.83291306067258,0.003918049977510387
151,85804,79582,6222,0.07251410190667101,22.83291306067258,0.0010349879833603474
152,63199,73362,10163,0.1608095064795329,22.83291306067258,0.001690546910140021
153,261803,231725,30078,0.11488791190322495,22.83291306067258,0.005003273636051516
31,85499,87598,2099,0.02454999473678055,22.83291306067258,3.491545768359642E-4
32,104473,89397,15076,0.14430522718788585,22.83291306067258,0.0025077915199518803
33,280678,253037,27641,0.09847939631891349,22.83291306067258,0.004597895025403948
103,84048,82243,1805,0.021475823339044357,22.83291306067258,3.002496480175871E-4
104,119204,89469,29735,0.24944632730445288,22.83291306067258,0.004946217885763409
105,254412,234031,20381,0.08011021492696885,22.83291306067258,0.0033902427015215755
46,89064,78036,11028,0.12382107248720021,22.83291306067258,0.0018344338605750421
238,82836,82003,833,0.01005601429330243,22.83291306067258,1.3856396498540172E-4
47,78349,86368,8019,0.10234974281739397,22.83291306067258,0.0013339068850155298
239,85286,77386,7900,0.09262950542879253,22.83291306067258,0.0013141120328747581
48,297701,244971,52730,0.17712402712789008,22.83291306067258,0.008771281961200758
240,241155,195579,45576,0.18899048329912296,22.83291306067258,0.00758126202662025
178,88819,80216,8603,0.09685990610117205,22.83291306067258,0.0014310513694710816
179,87552,74222,13330,0.15225237573099415,22.83291306067258,0.0022173561263570288
180,231533,216963,14570,0.06292839465648525,22.83291306067258,0.0024236218125297756
126,89525,80615,8910,0.09952527227031556,22.83291306067258,0.0014821187611283664
63,92209,79602,12607,0.13672201195111106,22.83291306067258,0.002097089923854693
127,79123,83946,4823,0.06095572715898032,22.83291306067258,8.022737132348049E-4
0,147828,145853,1975,0.013360121221960657,25.673576389439404,3.3389675946009825E-4
64,97253,106334,9081,0.09337501156776655,25.673576389439404,0.0015352488469150137
128,234146,259429,25283,0.10797963663697009,25.673576389439404,0.004274385706040336
65,232580,253868,21288,0.09152979619915728,25.673576389439404,0.00359898441285396
3,67763,66154,1609,0.023744521346457506,25.673576389439404,2.7202019542850534E-4
4,83246,86043,2797,0.03359921197414891,25.673576389439404,4.728654360556429E-4
5,128760,126569,2191,0.0170161540851196,25.673576389439404,3.704140759377596E-4
6,92273,90863,1410,0.015280743012582228,25.673576389439404,2.3837692700695622E-4
7,282165,251460,30705,0.10881930785178885,25.673576389439404,0.005191037974289781
8,93007,96296,3289,0.035362929671960176,25.673576389439404,5.560437680325383E-4
9,364844,349330,15514,0.0425222834965081,25.673576389439404,0.0026228224436779567
270,31578,30066,1512,0.04788143644309329,25.673576389439404,2.5562121534362963E-4
207,93268,89302,3966,0.0425226229789424,25.673576389439404,6.704985053259492E-4
208,76367,76759,392,0.0051331072321814395,25.673576389439404,6.627216694094102E-5
209,231653,235154,3501,0.01511312178128494,25.673576389439404,5.918848379087615E-4
18,86021,88024,2003,0.02328501179944432,25.673576389439404,3.3863048567016546E-4
82,101067,93894,7173,0.07097272106622339,25.673576389439404,0.001212679218029005
19,75365,88285,12920,0.1714323625024879,25.673576389439404,0.002184276522645301
83,82940,100419,17479,0.2107427055702918,25.673576389439404,0.0029550285866344595
20,310056,279884,30172,0.097311453414867,25.673576389439404,0.005100928114648144
84,300377,286599,13778,0.04586902459242885,25.673576389439404,0.002329331418653789
151,93455,89534,3921,0.041956021614680865,25.673576389439404,6.628907310597698E-4
152,92327,83158,9169,0.09931006097891192,25.673576389439404,0.0015501262721466535
153,252523,244649,7874,0.031181318137357784,25.673576389439404,0.0013311914349310448
31,88994,94511,5517,0.061992943344495136,25.673576389439404,9.32713125033601E-4
32,92229,100787,8558,0.09279077079877263,25.673576389439404,0.0014468296037769726
33,299968,283179,16789,0.05596930339236185,25.673576389439404,0.002838376047886374
103,93689,92519,1170,0.012488125607061662,25.673576389439404,1.978021309206658E-4
104,103063,101853,1210,0.011740391799190786,25.673576389439404,2.0456459693504752E-4
105,246514,261521,15007,0.06087686703392099,25.673576389439404,0.002537108186945668
46,93263,88193,5070,0.05436239451872661,25.673576389439404,8.571425673228851E-4
238,86543,92354,5811,0.06714581190853101,25.673576389439404,9.824172502393067E-4
47,109346,97767,11579,0.10589321968796298,25.673576389439404,0.001957564849513153
239,73363,83795,10432,0.14219702029633466,25.673576389439404,0.0017636511365507568
48,261939,273946,12007,0.04583891669434487,25.673576389439404,0.0020299232358670376
240,181117,208782,27665,0.1527465671361606,25.673576389439404,0.004677090557196769
178,89535,90912,1377,0.015379460546155134,25.673576389439404,2.3279789254509128E-4
179,68267,83073,14806,0.21688370662252626,25.673576389439404,0.0025031267952233998
180,243990,242668,1322,0.005418254846510103,25.673576389439404,2.234995017753164E-4
126,88763,90325,1562,0.017597422349402342,25.673576389439404,2.640742978616068E-4
63,89238,89204,34,3.8100360832829067E-4,25.673576389439404,5.748096112224476E-6
127,77974,102424,24450,0.31356606048169905,25.673576389439404,0.004133557351290836
0,162865,162153,712,0.004371718908298284,28.50847167056054,1.1189998153335979E-4
64,118657,119102,445,0.0037503055024145225,28.50847167056054,6.993748845834986E-5
128,266189,264445,1744,0.006551735796745921,28.50847167056054,2.7409208959856666E-4
65,268010,267074,936,0.0034924069997388156,28.50847167056054,1.4710447010565276E-4
3,69375,69819,444,0.0064,28.50847167056054,6.978032556293784E-5
4,96989,95521,1468,0.015135737042345008,28.50847167056054,2.3071513046484855E-4
5,137958,140842,2884,0.020904913089491006,28.50847167056054,4.5325779036827196E-4
6,95506,99365,3859,0.04040583837664649,28.50847167056054,6.064916133949936E-4
7,255914,250696,5218,0.020389662152129232,28.50847167056054,8.200759882599318E-4
8,97025,103823,6798,0.07006441638752899,28.50847167056054,0.0010683933630109268
9,334743,327253,7490,0.02237537454106583,28.50847167056054,0.001177150086636046
270,38017,32163,5854,0.1539837441144751,28.50847167056054,9.200315897419778E-4
207,95242,99173,3931,0.041273807773881274,28.50847167056054,6.178073418646591E-4
208,70215,71872,1657,0.023598946094139428,28.50847167056054,2.6041891769772077E-4
209,274765,260520,14245,0.05184430331374083,28.50847167056054,0.0022387854451442557
18,99891,97602,2289,0.02291497732528456,28.50847167056054,3.5974586759811875E-4
82,96499,104246,7747,0.08028062466968569,28.50847167056054,0.0012175409507569359
19,117004,97364,19640,0.16785750914498648,28.50847167056054,0.0030866792658921153
83,99634,111798,12164,0.12208683782644479,28.50847167056054,0.0019117294597918377
20,274254,273945,309,0.0011266927738519767,28.50847167056054,4.856333468231485E-5
84,278235,299089,20854,0.07495103060362643,28.50847167056054,0.0032774750209223105
151,97638,99465,1827,0.018711976894241995,28.50847167056054,2.871366099177645E-4
152,95703,92933,2770,0.028943711273418805,28.50847167056054,4.353412202913014E-4
153,241965,253165,11200,0.046287686235612586,28.50847167056054,0.0017602244286146485
31,101211,101411,200,0.0019760697947851518,28.50847167056054,3.143257908240444E-5
32,121015,112153,8862,0.07323059124901872,28.50847167056054,0.0013927775791413406
33,280299,313260,32961,0.11759228538096818,28.50847167056054,0.005180246195675663
103,102046,102774,728,0.007134037590890383,28.50847167056054,1.1441458785995214E-4
104,107815,114211,6396,0.05932384176598803,28.50847167056054,0.0010052138790552939
105,278978,288956,9978,0.035766261138871165,28.50847167056054,0.0015681713704211572
46,95711,98329,2618,0.027353177795655673,28.50847167056054,4.1145246018867404E-4
238,111683,102683,9000,0.08058522783234691,28.50847167056054,0.0014144660587081996
47,109086,109142,56,5.133564343728801E-4,28.50847167056054,8.801122143073241E-6
239,105677,90192,15485,0.14653141175468645,28.50847167056054,0.0024336674354551633
48,294139,302862,8723,0.029656046970989905,28.50847167056054,0.0013709319366790695
240,233070,221958,11112,0.04767666366327713,28.50847167056054,0.0017463940938183904
178,101495,101587,92,9.064485935267747E-4,28.50847167056054,1.445898637790604E-5
179,95443,91906,3537,0.0370587680605178,28.50847167056054,5.558851610723225E-4
180,252034,268321,16287,0.06462223350817747,28.50847167056054,0.0025597120775756052
126,92166,100015,7849,0.08516155632228804,28.50847167056054,0.001233571566088962
63,98416,98786,370,0.0037595512924727685,28.50847167056054,5.81502713024482E-5
127,136796,122779,14017,0.10246644638732126,28.50847167056054,0.002202952304990315
0,181319,178431,2888,0.01592772958156619,31.339639127254486,3.8431029276912466E-4
64,118233,131854,13621,0.11520472287770758,31.339639127254486,0.0018125659618449608
128,305321,263805,41516,0.1359749247513273,31.339639127254486,0.005524593529987181
65,360521,276836,83685,0.2321224006368561,31.339639127254486,0.011136082704426661
3,74918,72950,1968,0.026268720467711365,31.339639127254486,2.61884576236024E-4
4,96783,104987,8204,0.08476695287395514,31.339639127254486,0.0010917180200408236
5,146180,155096,8916,0.060993295936516624,31.339639127254486,0.0011864648789229623
6,101269,107856,6587,0.0650445842261699,31.339639127254486,8.765415160907978E-4
7,330992,243660,87332,0.2638492773239232,31.339639127254486,0.011621394213335594
8,93494,111340,17846,0.19087855905191778,31.339639127254486,0.0023747927578801242
9,453577,291528,162049,0.35726899732570216,31.339639127254486,0.02156409232442655
270,45740,34258,11482,0.2510275470048098,31.339639127254486,0.0015279261709055018
207,103484,109031,5547,0.053602489273704146,31.339639127254486,7.381472278359884E-4
208,99874,58580,41294,0.4134609608106214,31.339639127254486,0.00549505167230202
209,389548,285852,103696,0.2661956934703811,31.339639127254486,0.013798975110452614
18,98080,107166,9086,0.09263866231647634,31.339639127254486,0.0012090870221953833
82,93646,114584,20938,0.22358669884458493,31.339639127254486,0.0027862496225761536
19,104146,106430,2284,0.021930751061010504,31.339639127254486,3.039351484365238E-4
83,115645,123162,7517,0.06500064853646936,31.339639127254486,0.001000297946934041
20,346593,259846,86747,0.2502849163139475,31.339639127254486,0.011543547426192263
84,375409,306993,68416,0.18224389932047447,31.339639127254486,0.009104215024270232
151,120276,109384,10892,0.09055838238717616,31.339639127254486,0.0014494140266071004
152,96902,102696,5794,0.059792367546593464,31.339639127254486,7.710158712965057E-4
153,329424,257301,72123,0.2189366894943902,31.339639127254486,0.00959751081904002
31,95653,108302,12649,0.13223840339560705,31.339639127254486,0.0016832205308991198
32,119896,123505,3609,0.03010108760926136,31.339639127254486,4.8025479453039157E-4
33,307713,343301,35588,0.11565322232079893,31.339639127254486,0.004735746086934767
103,98283,113016,14733,0.14990384908885565,31.339639127254486,0.0019605413931327955
104,91849,126553,34704,0.37783753769774303,31.339639127254486,0.00461811094191818
105,329713,316354,13359,0.04051705574241841,31.339639127254486,0.00177770124691923
46,102860,108451,5591,0.05435543457126191,31.339639127254486,7.440023708006149E-4
238,137514,112999,24515,0.1782727576828541,31.339639127254486,0.0032622461313140897
47,109011,120502,11491,0.10541138050288502,31.339639127254486,0.00152912381378463
239,140975,96580,44395,0.3149139918425253,31.339639127254486,0.005907706179877178
48,326516,331740,5224,0.01599921596491443,31.339639127254486,6.951651556183889E-4
240,408080,235116,172964,0.4238482650460694,31.339639127254486,0.02301656699394698
178,99419,112248,12829,0.12903972077771855,31.339639127254486,0.001707173388481683
179,97901,100728,2827,0.028876109539228405,31.339639127254486,3.76192935477256E-4
180,293385,293939,554,0.0018883037646778124,31.339639127254486,7.372157278188888E-5
126,126852,109692,17160,0.13527575442247658,31.339639127254486,0.0022835057562043556
63,97220,108356,11136,0.11454433244188439,31.339639127254486,0.0014818834557745748
127,95356,145018,49662,0.5208062418725617,31.339639127254486,0.006608593407029179
0,190834,194702,3868,0.02026892482471677,34.169417425990105,5.245627028052577E-4
64,93799,144599,50800,0.5415835989722705,34.169417425990105,0.006889292994443405
128,279033,257522,21511,0.07709124010421707,34.169417425990105,0.0029172358583360648
65,348415,283171,65244,0.18725944634989883,34.169417425990105,0.008848130553729636
3,88297,75552,12745,0.14434238988867118,34.169417425990105,0.0017284259687830946
4,112187,114449,2262,0.020162763956608164,34.169417425990105,3.0676340065809025E-4
5,163863,169343,5480,0.0334425709281534,34.169417425990105,7.43175700975391E-4
6,119387,116343,3044,0.02549691339928133,34.169417425990105,4.1281511565129385E-4
7,361459,230362,131097,0.362688437692795,34.169417425990105,0.017778851253790296
8,106365,118854,12489,0.11741644337893103,34.169417425990105,0.0016937082718032222
9,480448,242160,238288,0.4959704276009058,34.169417425990105,0.03231566632007737
270,44134,36351,7783,0.17634929985951875,34.169417425990105,0.001055499357790414
207,114984,118884,3900,0.03391776247130036,34.169417425990105,5.289024149277417E-4
208,102800,35262,67538,0.6569844357976654,34.169417425990105,0.009159233666510211
209,296934,311171,14237,0.04794668175419454,34.169417425990105,0.0019307650464939128
18,111558,116726,5168,0.04632567812259094,34.169417425990105,7.008635077811716E-4
82,114106,124917,10811,0.09474523688500167,34.169417425990105,0.0014661446173804657
19,102600,115492,12892,0.12565302144249513,34.169417425990105,0.0017483615213457556
83,121361,134521,13160,0.10843681248506522,34.169417425990105,0.0017847066103715593
20,343261,237597,105664,0.30782407555766605,34.169417425990105,0.014329729428442283
84,330660,310329,20331,0.061486118671747414,34.169417425990105,0.002757208973819466
151,128208,119297,8911,0.06950424310495446,34.169417425990105,0.0012084742101079761
152,105434,112454,7020,0.06658193751541248,34.169417425990105,9.520243468699352E-4
153,277621,257072,20549,0.07401817585845451,34.169417425990105,0.0027867732626538884
31,128751,115189,13562,0.10533510419336549,34.169417425990105,0.001839224243910265
32,125532,134851,9319,0.07423605136538891,34.169417425990105,0.0012638055396696475
33,274619,373327,98708,0.35943616428579234,34.169417425990105,0.013386384505817316
103,115183,123252,8069,0.07005374056935486,34.169417425990105,0.001094285534885115
104,132213,138888,6675,0.050486714619591117,34.169417425990105,9.052368255494041E-4
105,373310,343739,29571,0.07921298652594358,34.169417425990105,0.004010300849186731
46,114937,118569,3632,0.03159991995614989,34.169417425990105,4.925573259019379E-4
238,108277,123310,15033,0.13883834978804363,34.169417425990105,0.002038715385540703
47,125407,131856,6449,0.051424561627341374,34.169417425990105,8.745876086843606E-4
239,116755,102965,13790,0.11811057342297974,34.169417425990105,0.0018701446927829638
48,329060,360603,31543,0.09585789825563727,34.169417425990105,0.0042777356087348095
240,234584,248268,13684,0.058333049142311494,34.169417425990105,0.0018557693963772355
178,111003,122903,11900,0.107204309793429,34.169417425990105,0.0016138304455487506
179,110533,109546,987,0.008929459980277383,34.169417425990105,1.3385299577786696E-4
180,285581,319545,33964,0.11892948060270116,34.169417425990105,0.004606061954001492
126,109283,119365,10082,0.09225588609390299,34.169417425990105,0.0013672805505901262
63,110891,117921,7030,0.06339558665716785,34.169417425990105,9.533805069082115E-4
127,100604,169153,68549,0.6813744980318874,34.169417425990105,0.009296341446379941
0,208834,210954,2120,0.010151603666069701,36.99596106540412,2.487476085909445E-4
64,151863,157330,5467,0.03599955222799497,36.99596106540412,6.4146376234278E-4
128,354374,245615,108759,0.30690456974834496,36.99596106540412,0.012761104322048366
65,361977,286082,75895,0.20966801758122755,36.99596106540412,0.008905047053778177
3,86107,77623,8484,0.09852857491260873,36.99596106540412,9.95459769474327E-4
4,117395,123899,6504,0.055402700285361386,36.99596106540412,7.631388897525958E-4
5,169989,183574,13585,0.07991693580172834,36.99596106540412,0.001593979369201878
6,116697,124820,8123,0.06960761630547486,36.99596106540412,9.531022757472842E-4
7,396806,210828,185978,0.4686874694435064,36.99596106540412,0.021821501297418246
8,118421,126359,7938,0.06703202979201324,36.99596106540412,9.313955268843952E-4
9,446947,179217,267730,0.5990195705531081,36.99596106540412,0.03141377228681773
270,56174,38442,17732,0.31566205005874604,36.99596106540412,0.002080562545063504
207,131038,128726,2312,0.017643736931271845,36.99596106540412,2.7127569389729425E-4
208,124103,330,123773,0.9973409184306584,36.99596106540412,0.014522753659493856
209,305129,336462,31333,0.10268771568746334,36.99596106540412,0.0036764192547075777
18,127008,126276,732,0.005763416477702192,36.99596106540412,8.588832523045821E-5
82,129677,135238,5561,0.0428834720112279,36.99596106540412,6.524931374406804E-4
19,157983,124544,33439,0.21166201426735787,36.99596106540412,0.003923524190411601
83,146422,145867,555,0.003790414008823811,36.99596106540412,6.512024658866709E-5
20,346121,207235,138886,0.4012642977455861,36.99596106540412,0.016296019040925435
84,399421,309106,90315,0.22611480117470037,36.99596106540412,0.010597000127307148
151,128304,129199,895,0.0069756204015463275,36.99596106540412,1.0501373098532799E-4
152,146967,122201,24766,0.16851402015418426,36.99596106540412,0.002905888336963836
153,370819,252488,118331,0.31910716549044144,36.99596106540412,0.013884223241592008
31,130495,122068,8427,0.06457718686539714,36.99596106540412,9.887717441490044E-4
32,134381,146184,11803,0.08783235725288545,36.99596106540412,0.0013848905774523199
33,328777,403319,74542,0.22672510546662328,36.99596106540412,0.008746294452634994
103,128713,133477,4764,0.03701257837203701,36.99596106540412,5.589781166638018E-4
104,139356,151210,11854,0.08506271706995035,36.99596106540412,0.001390874600111819
105,403502,371092,32410,0.08032178279165902,36.99596106540412,0.003802787733222883
46,139925,128675,11250,0.08040021440057174,36.99596106540412,0.0013200049984189275
238,139119,133609,5510,0.03960638014936853,36.99596106540412,6.465091147811813E-4
47,152500,143198,9302,0.06099672131147541,36.99596106540412,0.0010914387995815877
239,149788,109342,40446,0.2700216305712073,36.99596106540412,0.004745681970315728
48,372814,389434,16620,0.04457987092759392,36.99596106540412,0.0019500873843308953
240,292875,261406,31469,0.10744857020913359,36.99596106540412,0.0036923766484662423
178,132177,133547,1370,0.010364889504225394,36.99596106540412,1.6074727536301604E-4
179,143019,118353,24666,0.1724665953474713,36.99596106540412,0.002894154959200112
180,395654,345122,50532,0.12771765229215426,36.99596106540412,0.00592911045156491
126,134215,129026,5189,0.03866184852661774,36.99596106540412,6.08844972159628E-4
63,140811,127476,13335,0.09470140827066068,36.99596106540412,0.0015646459247925686
127,140137,195164,55027,0.3926657485175221,36.99596106540412,0.006456525782044295
0,240780,227194,13586,0.05642495223855802,39.820336513221264,0.0015922389310036437
64,119125,170051,50926,0.42750052465897165,39.820336513221264,0.005968376254989811
128,368827,228096,140731,0.381563714153248,39.820336513221264,0.016493256072359325
65,371642,285583,86059,0.2315642473132746,39.820336513221264,0.01008585972053898
3,98806,79167,19639,0.1987632330020444,39.820336513221264,0.0023016325898704963
4,124611,133343,8732,0.0700740705074191,39.820336513221264,0.0010233645182926407
5,183913,197793,13880,0.0754704670142948,39.820336513221264,0.0016266948595856452
6,136339,133291,3048,0.022356038991044384,39.820336513221264,3.5721656570728E-4
7,478189,185067,293122,0.6129835692581803,39.820336513221264,0.03435302958439939
8,118884,133859,14975,0.12596312371723697,39.820336513221264,0.0017550256139982016
9,507155,102714,404441,0.7974702014177125,39.820336513221264,0.04739928643412665
270,54464,40531,13933,0.25582035840188017,39.820336513221264,0.001632906302493285
207,145642,138560,7082,0.04862608313535931,39.820336513221264,8.299894089038573E-4
208,111192,-47819,159011,1.4300579178358155,39.820336513221264,0.018635617890315058
209,304205,361733,57528,0.18910931772982034,39.820336513221264,0.006742111086616931
18,131672,135817,4145,0.03147973752961905,39.820336513221264,4.857817141918227E-4
82,125997,145551,19554,0.15519417128979263,39.820336513221264,0.002291670841811074
19,121371,133588,12217,0.10065831211739212,39.820336513221264,0.0014317961887289502
83,126982,157204,30222,0.238002236537462,39.820336513221264,0.003541928821786554
20,370011,168769,201242,0.543881127858361,39.820336513221264,0.023584965917343978
84,391407,303337,88070,0.2250087504822346,39.820336513221264,0.010321542959921309
151,130557,139094,8537,0.06538906378057094,39.820336513221264,0.0010005110962739664
152,129525,131940,2415,0.018645049218297627,39.820336513221264,2.830308419235831E-4
153,345084,243560,101524,0.29420083226113064,39.820336513221264,0.01189831188217385
31,134509,128942,5567,0.041387565144339784,39.820336513221264,6.524358993741561E-4
32,134432,157508,23076,0.17165555820042847,39.820336513221264,0.0027044388025791316
33,384137,433288,49151,0.12795174638215012,39.820336513221264,0.005760351516101877
103,130860,143694,12834,0.09807427785419533,39.820336513221264,0.0015041067599367557
104,110776,163522,52746,0.47615006860691844,39.820336513221264,0.006181674860497438
105,407426,398424,9002,0.02209480985504116,39.820336513221264,0.0010550077180108053
46,136354,138773,2419,0.01774058700148144,39.820336513221264,2.834996300675559E-4
238,153270,143900,9370,0.06113394663012984,39.820336513221264,0.0010981362272563036
47,114185,154531,40346,0.3533388798879012,39.820336513221264,0.004728431614181732
239,102592,115715,13123,0.1279144572676232,39.820336513221264,0.0015379767033387912
48,392946,418242,25296,0.06437525766899269,39.820336513221264,0.0029646162224840405
240,322283,274533,47750,0.1481617088087178,39.820336513221264,0.0055961584686754
178,132648,144182,11534,0.08695193293528737,39.820336513221264,0.001351750613145593
179,102301,127153,24852,0.2429301766356145,39.820336513221264,0.0029125807385030587
180,350102,370680,20578,0.058777156371571715,39.820336513221264,0.0024116806066681127
126,128167,138680,10513,0.08202579447127575,39.820336513221264,0.0012320924393965337
63,130110,137023,6913,0.053131965260164477,39.820336513221264,8.101831098210061E-4
127,126081,223055,96974,0.7691404731878713,39.820336513221264,0.011365065368404781
0,255154,243465,11689,0.045811549103678566,42.65019712224603,0.0011566153569705444
64,176049,182796,6747,0.03832455736755108,42.65019712224603,6.676091892788316E-4
128,397149,204907,192242,0.48405510274481367,42.65019712224603,0.019022161814931254
65,434503,281663,152840,0.35175821570852217,42.65019712224603,0.015123371645083242
3,99752,80186,19566,0.19614644317908414,42.65019712224603,0.0019360369641958828
4,144411,142805,1606,0.011121036486140252,42.65019712224603,1.5891216214344208E-4
5,205180,212041,6861,0.03343893166975339,42.65019712224603,6.788893801159128E-4
6,134835,141778,6943,0.051492564986835763,42.65019712224603,6.870032015952169E-4
7,569320,152999,416321,0.7312600997681444,42.65019712224603,0.04119456429372351
8,122979,141372,18393,0.14956212036201302,42.65019712224603,0.001819969737424863
9,517113,12419,504694,0.9759839725553215,42.65019712224603,0.04993898802043733
270,61175,42625,18550,0.30322844299141805,42.65019712224603,0.0018355047370864574
207,146108,148413,2305,0.01577600131409642,42.65019712224603,2.2807754280238727E-4
208,168123,-110969,279092,1.6600465135644735,42.65019712224603,0.02761588615002337
209,410774,387054,23720,0.05774464790858234,42.65019712224603,0.0023470712864523324
18,154506,145378,9128,0.05907861183384464,42.65019712224603,9.032068593059397E-4
82,133579,155885,22306,0.16698732585211748,42.65019712224603,0.0022071573404555535
19,194967,142651,52316,0.26833258961773016,42.65019712224603,0.005176618103795962
83,191482,168564,22918,0.11968749020795688,42.65019712224603,0.002267714154423042
20,409087,122083,287004,0.7015720372439115,42.65019712224603,0.028398770973733778
84,457146,292997,164149,0.35907346886990155,42.65019712224603,0.016242386365930183
151,157737,149007,8730,0.05534528994465471,42.65019712224603,8.638251404185861E-4
152,195975,141698,54277,0.2769587957647659,42.65019712224603,0.005370657176002245
153,406111,230258,175853,0.4330170815368212,42.65019712224603,0.017400485958537184
31,137552,135830,1722,0.012518901942538095,42.65019712224603,1.7039025106538433E-4
32,194984,168854,26130,0.13401099577401224,42.65019712224603,0.002585538478709926
33,446759,463315,16556,0.037058011142472785,42.65019712224603,0.001638200346479967
103,137155,153931,16776,0.12231417009952243,42.65019712224603,0.001659969135814685
104,164961,175858,10897,0.06605803796048763,42.65019712224603,0.0010782477153655594
105,427976,425810,2166,0.005061031459708021,42.65019712224603,2.1432362590454267E-4
46,139152,148891,9739,0.06998821432677935,42.65019712224603,9.636647242309977E-4
238,147347,154211,6864,0.04658391416180852,42.65019712224603,6.791862272432044E-4
47,194468,165885,28583,0.1469804800789847,42.65019712224603,0.002828260479792033
239,176738,122100,54638,0.309146872772126,42.65019712224603,0.005406377780319669
48,470425,447107,23318,0.04956794388053356,42.65019712224603,0.002307293771395257
240,375321,287685,87636,0.23349612731501834,42.65019712224603,0.008671498282442522
178,143377,154838,11461,0.07993611248666103,42.65019712224603,0.001134054975296382
179,158117,135971,22146,0.14006084102278693,42.65019712224603,0.0021913254936666675
180,415142,396287,18855,0.0454181942564231,42.65019712224603,0.001865684195027771
126,143107,148353,5246,0.03665788535850797,42.65019712224603,5.190866765905959E-4
63,125074,146588,21514,0.1720101699793722,42.65019712224603,0.0021287896988505684
127,182068,252906,70838,0.3890744117582442,42.65019712224603,0.007009352267694365
0,279002,259754,19248,0.06898875276879736,45.48316090647131,0.0019038136905450151
64,159772,195556,35784,0.2239691560473675,45.48316090647131,0.003539384304990795
128,426671,176042,250629,0.587405752910322,45.48316090647131,0.024789636401060192
65,454420,274313,180107,0.3963447911623608,45.48316090647131,0.017814327325591805
3,106243,80677,25566,0.24063703020434288,45.48316090647131,0.002528725104554959
4,152339,152277,62,4.069870486218237E-4,45.48316090647131,6.132400707283403E-6
5,229206,226304,2902,0.01266109962217394,45.48316090647131,2.870359169763941E-4
6,145017,150274,5257,0.03625092230566072,45.48316090647131,5.199682341643362E-4
7,457581,114622,342959,0.7495044593197707,45.48316090647131,0.033921967970471104
8,147106,148895,1789,0.01216129865539135,45.48316090647131,1.7694943331177432E-4
9,613362,-91654,705016,1.1494288853890524,45.48316090647131,0.06973291317816316
270,56320,44721,11599,0.20594815340909092,45.48316090647131,0.001147253480706132
207,148158,158277,10119,0.06829870813590896,45.48316090647131,0.0010008671412419477
208,161446,-190767,352213,2.1816149052934106,45.48316090647131,0.034837278230877566
209,409981,412402,2421,0.005905151702152051,45.48316090647131,2.3946035665053418E-4
18,139454,154949,15495,0.11111190786926155,45.48316090647131,0.001532605628376715
82,149698,166229,16531,0.11042899704738875,45.48316090647131,0.001635076066001644
19,168108,151723,16385,0.09746710448045304,45.48316090647131,0.00162063525143288
83,146290,179935,33645,0.22998837924670176,45.48316090647131,0.0033278164805895178
20,437499,67177,370322,0.8464522204622182,45.48316090647131,0.03662843378584846
84,440391,278076,162315,0.3685702023883322,45.48316090647131,0.016054526141979122
151,136146,158932,22786,0.16736444699073053,45.48316090647131,0.002253756169615478
152,166105,151467,14638,0.08812498118659884,45.48316090647131,0.001447840025051846
153,448077,212571,235506,0.5255926994690645,45.48316090647131,0.02329382517692718
31,148855,142725,6130,0.041181015081791006,45.48316090647131,6.063163925104397E-4
32,168125,180213,12088,0.07189888475836431,45.48316090647131,0.0011956203185426093
33,449249,493375,44126,0.09822169887968588,45.48316090647131,0.004364488929186894
103,153213,164179,10966,0.0715735609902554,45.48316090647131,0.001084643647678545
104,165432,188208,22776,0.1376759030900914,45.48316090647131,0.0022527670727272063
105,451340,453225,1885,0.004176452341915186,45.48316090647131,1.8644476343918087E-4
46,138859,159020,20161,0.1451904449837605,45.48316090647131,0.0019941182364442045
238,149357,164534,15177,0.10161559217177635,45.48316090647131,0.0015011523473296808
47,160613,177253,16640,0.10360307073524559,45.48316090647131,0.0016458572220838035
239,163494,128492,35002,0.21408736712050594,45.48316090647131,0.003462036928327962
48,491219,476003,15216,0.03097600052115248,45.48316090647131,0.0015050098251939397
240,359782,300852,58930,0.16379363058741125,45.48316090647131,0.005828747962584048
178,150290,165505,15215,0.1012376072925677,45.48316090647131,0.0015049109155051124
179,138058,144798,6740,0.0488200611337264,45.48316090647131,6.666513026950022E-4
180,391604,421922,30318,0.0774200467819532,45.48316090647131,0.002998743945861584
126,146994,158037,11043,0.07512551532715621,45.48316090647131,0.0010922596937182358
63,138702,156164,17462,0.1258958053957405,45.48316090647131,0.0017271609862997222
127,199151,284699,85548,0.42956349704495583,45.48316090647131,0.00846152605978517
0,300346,275994,24352,0.08107982127279871,48.30767201818526,0.002276073127074176
64,184542,208277,23735,0.12861570807729406,48.30767201818526,0.0022184048813693154
128,412037,141634,270403,0.6562590252817101,48.30767201818526,0.02527336571042372
65,479434,263571,215863,0.4502454978161749,48.30767201818526,0.020175754493660186
3,118575,80640,37935,0.3199240986717268,48.30767201818526,0.003545615722550873
4,168096,161721,6375,0.037924757281553395,48.30767201818526,5.958428952487628E-4
5,256031,240524,15507,0.06056688447883264,48.30767201818526,0.0014493703179015787
6,158078,158745,667,0.004219435974645428,48.30767201818526,6.234152331465487E-5
7,581164,70111,511053,0.8793610753591069,48.30767201818526,0.04776585084636329
8,149348,156394,7046,0.047178402121220236,48.30767201818526,6.585582807722012E-4
9,741010,-209042,950052,1.2821041551396068,48.30767201818526,0.08879713479480432
270,50094,46810,3284,0.06555675330378888,48.30767201818526,3.069408734112842E-4
207,157581,168112,10531,0.0668291228003376,48.30767201818526,9.842857301748582E-4
208,171491,-288467,459958,2.6821115976931735,48.30767201818526,0.042990228456914574
209,384431,437674,53243,0.13849819603517927,48.30767201818526,0.004976386395565471
18,147059,164491,17432,0.11853745775505069,48.30767201818526,0.0016292915058786562
82,158140,176543,18403,0.11637156949538384,48.30767201818526,0.0017200465570608597
19,175538,160768,14770,0.08414132552495755,48.30767201818526,0.0013804862059332119
83,199658,191273,8385,0.04199681455288543,48.30767201818526,7.837086551624904E-4
20,489844,4299,485545,0.99122373653653,48.30767201818526,0.04538173154095067
84,499021,258647,240374,0.4816911512741949,48.30767201818526,0.022466688643533506
151,167745,168827,1082,0.006450266773972399,48.30767201818526,1.0112972747594687E-4
152,156489,161207,4718,0.03014908396117299,48.30767201818526,4.409704752601824E-4
153,396344,190584,205760,0.5191449851644027,48.30767201818526,0.019231472019825165
31,158433,149599,8834,0.05575858564819198,48.30767201818526,8.256746880984424E-4
32,187210,191538,4328,0.02311842316115592,48.30767201818526,4.045189099037875E-4
33,455250,523346,68096,0.14957935200439318,48.30767201818526,0.006364630242330941
103,164599,174396,9797,0.05952041020905352,48.30767201818526,9.15682014863079E-4
104,182852,200521,17669,0.09663006147047885,48.30767201818526,0.0016514428417490807
105,428907,480559,51652,0.12042703896182623,48.30767201818526,0.004827682702021819
46,154966,169119,14153,0.09132971103338797,48.30767201818526,0.0013228179602283513
238,161022,174825,13803,0.0857212057979655,48.30767201818526,0.0012901050169597918
47,178704,188586,9882,0.05529814665592264,48.30767201818526,9.236265867997292E-4
239,169213,134865,34348,0.20298676815611094,48.30767201818526,0.003210354786824236
48,452708,504813,52105,0.11509626514221087,48.30767201818526,0.004870022597166555
240,376889,313980,62909,0.16691651918734693,48.30767201818526,0.005879824423090889
178,165550,176141,10591,0.06397463002114165,48.30767201818526,9.898936633066112E-4
179,144254,153599,9345,0.06478156584912724,48.30767201818526,8.734355852705393E-4
180,361714,447480,85766,0.23710998191941698,48.30767201818526,0.008016166549632218
126,164206,167691,3485,0.02122334141261586,48.30767201818526,3.25727449402657E-4
63,177928,165712,12216,0.06865698484780361,48.30767201818526,0.0011417751856249232
127,171536,318300,146764,0.8555871653763641,48.30767201818526,0.013717378302476772
