Stage ID,Real Duration,Estimated Duration,Error,Error Percentage,Size,Error/AppDuration
0,15228,12024,3204,0.21040189125295508,2.2809087680652738,0.0028158121385759233
64,7838,9433,1595,0.2034957897422812,2.2809087680652738,0.0014017541701088008
128,14807,18267,3460,0.2336732626460458,2.2809087680652738,0.0030407958799852355
65,15024,22318,7294,0.4854898828541001,2.2809087680652738,0.006410278944685638
3,17431,17951,520,0.02983190866846423,2.2809087680652738,4.5699822473766545E-4
4,9345,7628,1717,0.18373461744248262,2.2809087680652738,0.001508972984374176
5,12839,8421,4418,0.3441077965573643,2.2809087680652738,0.003882727224790396
6,20326,19854,472,0.02322148971760307,2.2809087680652738,4.148137732234194E-4
7,21850,50591,28741,1.3153775743707095,2.2809087680652738,0.025258819186894696
8,9065,31345,22280,2.4578047435190293,2.2809087680652738,0.019580616244529205
9,21275,66673,45398,2.1338660399529963,2.2809087680652738,0.039897702705077955
270,18352,14898,3454,0.18820836965998256,2.2809087680652738,0.0030355228235459547
207,6662,7570,908,0.13629540678474933,2.2809087680652738,7.979892078111543E-4
208,7142,7056,86,0.012041444973396808,2.2809087680652738,7.558047562969083E-5
209,12431,29386,16955,1.3639288874587725,2.2809087680652738,0.014900778654667534
18,6086,9230,3144,0.5165954650016431,2.2809087680652738,0.0027630815741831157
82,6356,7770,1414,0.22246696035242292,2.2809087680652738,0.001242683634190498
19,7641,16378,8737,1.1434367229420233,2.2809087680652738,0.0076784490183326596
83,8036,-1244,9280,1.1548033847685415,2.2809087680652738,0.008155660626087568
20,14453,54913,40460,2.799418805784266,2.2809087680652738,0.03555797725554989
84,21543,23074,1531,0.07106716798960219,2.2809087680652738,0.0013455082347564728
151,6187,7933,1746,0.28220462259576534,2.2809087680652738,0.0015344594238306997
152,7591,5463,2128,0.28033197207219074,2.2809087680652738,0.0018701773504649077
153,12760,22422,9662,0.7572100313479624,2.2809087680652738,0.008491378552721775
31,5180,36238,31058,5.995752895752895,2.2809087680652738,0.02729509781519695
32,11114,7717,3397,0.3056505308619759,2.2809087680652738,0.0029854287873727877
33,19871,28787,8916,0.44869407679532985,2.2809087680652738,0.007835761868771203
103,5858,7947,2089,0.35660635029020143,2.2809087680652738,0.0018359024836095829
104,8318,11472,3154,0.3791776869439769,2.2809087680652738,0.002771870001581917
105,22043,28619,6576,0.29832599918341424,2.2809087680652738,0.005779269857451708
46,4912,4930,18,0.0036644951140065146,2.2809087680652738,1.5819169317842264E-5
238,6136,8520,2384,0.38852672750977835,2.2809087680652738,0.00209516109187422
47,7490,6568,922,0.12309746328437918,2.2809087680652738,8.102930061694761E-4
239,7563,33326,25763,3.4064524659526643,2.2809087680652738,0.022641625507531682
48,16221,29896,13675,0.8430429689908143,2.2809087680652738,0.01201817446786072
240,15292,97042,81750,5.345932513732671,2.2809087680652738,0.07184539398520029
178,6008,2480,3528,0.5872170439414115,2.2809087680652738,0.003100557186297084
179,7351,7833,482,0.06556931029791865,2.2809087680652738,4.2360220062222063E-4
180,16126,26324,10198,0.632394890239365,2.2809087680652738,0.008962438261297523
126,5937,7607,1670,0.2812868452080175,2.2809087680652738,0.0014676673755998101
63,6566,10026,3460,0.5269570514773073,2.2809087680652738,0.0030407958799852355
127,7878,-1201,9079,1.1524498603706526,2.2809087680652738,0.007979013235371663
0,23485,26486,3001,0.12778369171811796,4.838452653028071,0.0032004828985859645
64,11994,13791,1797,0.14982491245622812,4.838452653028071,0.0019164504394398462
128,39671,51009,11338,0.2858007108467142,4.838452653028071,0.01209166114767333
65,50576,51869,1293,0.025565485605820944,4.838452653028071,0.0013789484797972849
3,21123,23620,2497,0.11821237513610756,4.838452653028071,0.002662980938943403
4,13756,16267,2511,0.18253852864204712,4.838452653028071,0.0026779115489334745
5,18676,21411,2735,0.14644463482544443,4.838452653028071,0.0029168013087746128
6,26800,27806,1006,0.03753731343283582,4.838452653028071,0.0010728709750008265
7,50018,75840,25822,0.5162541485065376,4.838452653028071,0.027538443654544078
8,16437,39127,22690,1.3804222181663321,4.838452653028071,0.024198252905336733
9,41408,108134,66726,1.611427743431221,4.838452653028071,0.07116142015696338
270,11000,16050,5050,0.4590909090909091,4.838452653028071,0.0053856843178470915
207,12582,16544,3962,0.314894293435066,4.838452653028071,0.004225362627190134
208,12858,12622,236,0.01835433193342666,4.838452653028071,2.516874255469136E-4
209,36525,51085,14560,0.39863107460643393,4.838452653028071,0.01552783438967399
18,12011,17803,5792,0.48222462742486055,4.838452653028071,0.006177006647320862
82,14421,17302,2881,0.19977810137993204,4.838452653028071,0.003072506241528212
19,13338,23629,10291,0.771554955765482,4.838452653028071,0.01097506481484444
83,12718,11791,927,0.0728888189966976,4.838452653028071,9.886196757711394E-4
20,40959,84844,43885,1.071437290949486,4.838452653028071,0.0468021299581623
84,35551,56550,20999,0.5906725549210993,4.838452653028071,0.02239484851296457
151,12886,16747,3861,0.29962750271612604,4.838452653028071,0.004117648940833192
152,11397,13206,1809,0.15872598052118977,4.838452653028071,0.0019292481051456215
153,37470,50879,13409,0.35785962103015745,4.838452653028071,0.014300324954061713
31,12415,42957,30542,2.4600886024969792,4.838452653028071,0.03257219216548235
32,14896,17782,2886,0.19374328678839958,4.838452653028071,0.0030778386022389517
33,37953,57922,19969,0.5261507654203884,4.838452653028071,0.02129638220655219
103,15699,17174,1475,0.09395502898273775,4.838452653028071,0.0015730464096682098
104,12292,13280,988,0.08037748128864303,4.838452653028071,0.0010536744764421636
105,37880,55698,17818,0.47038014783526927,4.838452653028071,0.019002400628791976
46,16362,13912,2450,0.1497371959418164,4.838452653028071,0.0026128567482624505
238,12682,17399,4717,0.3719444882510645,4.838452653028071,0.005030549094511828
47,11025,15842,4817,0.43691609977324264,4.838452653028071,0.005137196308726622
239,10065,38377,28312,2.8129160457029307,4.838452653028071,0.030193959288492445
48,43196,57924,14728,0.3409574960644504,4.838452653028071,0.015707001709554844
240,37621,110145,72524,1.9277531166104038,4.838452653028071,0.07734482563713711
178,11678,12238,560,0.04795341668093852,4.838452653028071,5.972243996028458E-4
179,12783,16704,3921,0.3067355080966909,4.838452653028071,0.0041816372693620684
180,41940,51053,9113,0.21728659990462565,4.838452653028071,0.009718760631394168
126,12054,17302,5248,0.43537414965986393,4.838452653028071,0.0055968458019923836
63,12853,18707,5854,0.45545786975803315,4.838452653028071,0.006243127920134034
127,10447,8934,1513,0.14482626591365944,4.838452653028071,0.0016135723510698316
0,38130,40869,2739,0.07183320220298978,7.3821560107171535,0.001292099980894469
64,19824,20384,560,0.02824858757062147,7.3821560107171535,2.64175242534101E-4
128,56579,83573,26994,0.4771028119973842,7.3821560107171535,0.012734190173152719
65,63231,81261,18030,0.2851449447264791,7.3821560107171535,0.008505499326589002
3,29467,29259,208,0.007058743679370143,7.3821560107171535,9.812223294123751E-5
4,22640,24858,2218,0.09796819787985865,7.3821560107171535,0.0010463226570368502
5,31103,34330,3227,0.10375204964151367,7.3821560107171535,0.001522309835102757
6,35911,35715,196,0.005457937679262621,7.3821560107171535,9.246133488693536E-5
7,68425,100953,32528,0.4753818048958714,7.3821560107171535,0.015344807659195067
8,34053,46868,12815,0.37632514022259417,7.3821560107171535,0.0060453673804901865
9,147258,149370,2112,0.014342174958236564,7.3821560107171535,9.96318057557181E-4
270,8019,17195,9176,1.1442823294675146,7.3821560107171535,0.004328700045523055
207,18534,25471,6937,0.3742850976583576,7.3821560107171535,0.003272470816891176
208,15938,19190,3252,0.2040406575479985,7.3821560107171535,0.0015341033727158866
209,60692,72666,11974,0.19729124102023332,7.3821560107171535,0.00564863277518451
18,37317,26331,10986,0.294396655679717,7.3821560107171535,0.005182552168713632
82,25944,26782,838,0.03230033919210607,7.3821560107171535,3.953193807921012E-4
19,38929,30840,8089,0.20778853810783735,7.3821560107171535,0.003815917030104184
83,14499,24756,10257,0.707428098489551,7.3821560107171535,0.0048386526119147755
20,102127,114612,12485,0.12224974786295495,7.3821560107171535,0.005889692683996877
84,75361,89844,14483,0.1921816324093364,7.3821560107171535,0.006832232210038187
151,22623,25513,2890,0.1277460991026831,7.3821560107171535,0.0013633329480777713
152,14444,20907,6463,0.44745222929936307,7.3821560107171535,0.0030488653437462407
153,58743,79181,20438,0.34792230563641624,7.3821560107171535,0.009641452869485636
31,41774,49640,7866,0.18829894192559965,7.3821560107171535,0.003710718674595069
32,35969,27792,8177,0.22733464928132557,7.3821560107171535,0.0038574302825024
33,74912,86899,11987,0.16001441691584792,7.3821560107171535,0.005654765414743337
103,28424,26351,2073,0.07293132564030397,7.3821560107171535,9.77920138880699E-4
104,18712,17877,835,0.04462377084224027,7.3821560107171535,3.9390415627852564E-4
105,61769,82631,20862,0.337742233159028,7.3821560107171535,0.009841471267404313
46,23553,22845,708,0.030059864985352184,7.3821560107171535,3.339929852038277E-4
238,23364,26230,2866,0.1226673514809108,7.3821560107171535,0.001352011151969167
47,19927,25066,5139,0.25789130325688764,7.3821560107171535,0.002424279591754902
239,140267,43401,96866,0.6905829596412556,7.3821560107171535,0.04569571257733612
48,85189,85800,611,0.007172287501907524,7.3821560107171535,2.882340592648852E-4
240,367008,123177,243831,0.6643751634841747,7.3821560107171535,0.11502520278987925
178,18735,21944,3209,0.17128369362156393,7.3821560107171535,0.0015138184880213038
179,14732,25528,10796,0.7328265001357589,7.3821560107171535,0.005092921282853847
180,62419,75647,13228,0.21192265175667666,7.3821560107171535,0.006240196621859086
126,22816,26944,4128,0.18092566619915848,7.3821560107171535,0.0019473489306799446
63,45350,27341,18009,0.3971113561190739,7.3821560107171535,0.008495592754993973
127,16420,19015,2595,0.15803897685749085,7.3821560107171535,0.0012241692042428431
0,57150,55293,1857,0.032493438320209976,9.9330182550475,5.595997882139305E-4
64,39975,29256,10719,0.2681425891181989,9.9330182550475,0.003230129310643576
128,158228,116229,41999,0.26543342518391183,9.9330182550475,0.012656236674850224
65,143970,110735,33235,0.2308467041744808,9.9330182550475,0.010015239074469563
3,33720,34914,1194,0.035409252669039146,9.9330182550475,3.598072951682461E-4
4,34137,33474,663,0.019421741805079534,9.9330182550475,1.9979249304568437E-4
5,47451,47285,166,0.0034983456618406356,9.9330182550475,5.0023459797260344E-5
6,40744,43646,2902,0.07122521107402317,9.9330182550475,8.74506508021985E-4
7,169456,126136,43320,0.2556415824756869,9.9330182550475,0.013054314930224808
8,135537,54630,80907,0.5969366298501516,9.9330182550475,0.024381012420583992
9,255785,190723,65062,0.25436206188791366,9.9330182550475,0.019606182779092485
270,29227,18344,10883,0.37236117288808296,9.9330182550475,0.0032795500781541225
207,32458,34422,1964,0.06050896543225091,9.9330182550475,5.918438255531283E-4
208,32336,26810,5526,0.1708931222167244,9.9330182550475,0.0016652387881907268
209,124756,94307,30449,0.24406842155888295,9.9330182550475,0.009175688719076988
18,39656,34882,4774,0.12038531369780109,9.9330182550475,0.0014386264883862704
82,28885,36288,7403,0.25629219317985114,9.9330182550475,0.002230865499271797
19,66308,38072,28236,0.4258309706219461,9.9330182550475,0.00850880970382797
83,42555,37758,4797,0.11272470919985901,9.9330182550475,0.001445557449683481
20,215615,144464,71151,0.329990956102312,9.9330182550475,0.021441079445993196
84,173322,123232,50090,0.28899966536273525,9.9330182550475,0.01509442832075163
151,34564,34304,260,0.0075222775141766,9.9330182550475,7.83499972728174E-5
152,29131,28630,501,0.01719817376677766,9.9330182550475,1.50974417821852E-4
153,152298,107563,44735,0.2937333385861929,9.9330182550475,0.013480719723074948
31,147242,56342,90900,0.6173510275600712,9.9330182550475,0.027392364431150392
32,33965,37831,3866,0.11382305314294126,9.9330182550475,0.0011650041902181235
33,135725,115957,19768,0.1456474488856143,9.9330182550475,0.005957010561880979
103,39195,35555,3640,0.09286898839137644,9.9330182550475,0.0010968999618194437
104,34034,25292,8742,0.256860786272551,9.9330182550475,0.0026343679852268067
105,133406,109640,23766,0.1781479093893828,9.9330182550475,0.007161792443022225
46,30643,31804,1161,0.0378879352543811,9.9330182550475,3.498628724374654E-4
238,33050,35086,2036,0.061603630862329804,9.9330182550475,6.135407478748317E-4
47,39443,34316,5127,0.12998504170575262,9.9330182550475,0.0015450016769912877
239,26834,48438,21604,0.8050980099873295,9.9330182550475,0.006510282081084412
48,174841,113754,61087,0.34938601357805094,9.9330182550475,0.01840833185924845
240,97572,136245,38673,0.39635346205878735,9.9330182550475,0.011653959402044875
178,31089,31676,587,0.01888127633568143,9.9330182550475,1.7689018615055314E-4
179,51067,34376,16691,0.32684512503182095,9.9330182550475,0.00502976847877152
180,141691,100311,41380,0.29204395480305734,9.9330182550475,0.012469703412112246
126,32776,36614,3838,0.11709787649499634,9.9330182550475,0.0011565664982041276
63,30946,35999,5053,0.16328443094422543,9.9330182550475,0.0015227020623828705
127,25510,29124,3614,0.14166993335946687,9.9330182550475,0.0010890649620921618
0,70322,69639,683,0.009712465515770314,12.470088510774076,1.5334826851169555E-4
64,35838,40327,4489,0.12525810592108935,12.470088510774076,0.0010078775656647166
128,201406,148709,52697,0.2616456312125756,12.470088510774076,0.011831615967438976
65,178521,140050,38471,0.21549845676419022,12.470088510774076,0.00863757135858483
3,44338,40538,3800,0.08570526410753755,12.470088510774076,8.531821674149972E-4
4,42332,42043,289,0.006826986676745724,12.470088510774076,6.488674904814057E-5
5,56592,60170,3578,0.06322448402601075,12.470088510774076,8.03338367108121E-4
6,56528,51534,4994,0.08834559864138126,12.470088510774076,0.0011212609852817095
7,209557,151183,58374,0.27855905553143057,12.470088510774076,0.01310622522123238
8,91119,62350,28769,0.31572997947738674,12.470088510774076,0.006459262572200541
9,391856,231852,160004,0.4083234657629333,12.470088510774076,0.03592435776712348
270,27903,19486,8417,0.3016521520983407,12.470088510774076,0.001889798500824219
207,77807,43325,34482,0.4431734933874844,12.470088510774076,0.0077419546044220884
208,35506,35416,90,0.002534782853602208,12.470088510774076,2.0206946070355197E-5
209,196485,115832,80653,0.41047917143802326,12.470088510774076,0.01810834246013731
18,44049,43387,662,0.015028718018570229,12.470088510774076,1.486333144286127E-4
82,80060,45743,34317,0.4286410192355733,12.470088510774076,0.007704908536626437
19,41218,45264,4046,0.09816099762239798,12.470088510774076,9.084144866739681E-4
83,64206,50689,13517,0.2105254960595583,12.470088510774076,0.003034858778144347
20,308366,174155,134211,0.4352328077673933,12.470088510774076,0.030133271544982684
84,207282,156440,50842,0.24527937785239431,12.470088510774076,0.011415128356766654
151,70565,43047,27518,0.38996669737121803,12.470088510774076,0.006178386021822604
152,42296,36311,5985,0.14150274257613013,12.470088510774076,0.0013437619136786206
153,190428,135791,54637,0.28691683996051,12.470088510774076,0.012267187916066633
31,110985,63007,47978,0.43229265216020185,12.470088510774076,0.010772098428483352
32,54072,47815,6257,0.11571608226068945,12.470088510774076,0.001404831795135694
33,242925,144859,98066,0.40368838118760936,12.470088510774076,0.02201793748150503
103,44406,44708,302,0.006800882763590506,12.470088510774076,6.780553014719189E-5
104,39637,35452,4185,0.10558316724272776,12.470088510774076,9.396229922715167E-4
105,217570,136503,81067,0.3726019212207565,12.470088510774076,0.01820129441206094
46,46557,40714,5843,0.12550207272805378,12.470088510774076,0.0013118798432120602
238,73630,43894,29736,0.40385712345511343,12.470088510774076,0.0066763749816453576
47,42379,43516,1137,0.02682932584534793,12.470088510774076,2.552810853554873E-4
239,57141,53449,3692,0.06461209989324652,12.470088510774076,8.28933832130571E-4
48,178859,141558,37301,0.20854975148021626,12.470088510774076,0.008374881059670214
240,191471,149243,42228,0.22054514782917517,12.470088510774076,0.009481099096210659
178,49029,41357,7672,0.15647881865834506,12.470088510774076,0.0017225298916862786
179,60173,43176,16997,0.28246888139198645,12.470088510774076,0.003816194026198081
180,163540,124841,38699,0.23663323957441604,12.470088510774076,0.00868876228862973
126,84456,46231,38225,0.45260253859998106,12.470088510774076,0.00858233903932586
63,55396,44610,10786,0.19470719907574555,12.470088510774076,0.0024216902257205683
127,34570,39179,4609,0.13332369106161412,12.470088510774076,0.0010348201604251902
0,88494,84007,4487,0.05070400253124505,15.0111934710294,0.0013438666280508422
64,62197,53660,8537,0.13725742399151084,15.0111934710294,0.002556850769705826
128,136256,181240,44984,0.3301432597463598,15.0111934710294,0.013472809537829082
65,138669,169411,30742,0.22169338496707988,15.0111934710294,0.009207298390804322
3,50234,46171,4063,0.08088147469841143,15.0111934710294,0.0012168776709985676
4,58915,50626,8289,0.1406942204871425,15.0111934710294,0.002482574209920533
5,84642,73076,11566,0.13664610949646747,15.0111934710294,0.003464043106760874
6,60555,59435,1120,0.018495582528280076,15.0111934710294,3.3544252806261277E-4
7,272152,176270,95882,0.35231047355889356,15.0111934710294,0.028716875424731638
8,49985,70082,20097,0.40206061818545563,15.0111934710294,0.006019096862923508
9,256193,273046,16853,0.06578243745925923,15.0111934710294,0.0050475115405707255
270,12824,20630,7806,0.6087024329382408,15.0111934710294,0.0023379146196935313
207,43050,52242,9192,0.2135191637630662,15.0111934710294,0.0027530247481710145
208,39455,45061,5606,0.1420859206691167,15.0111934710294,0.0016790096538562562
209,102074,137391,35317,0.34599408272429805,15.0111934710294,0.010577521217488655
18,47058,51905,4847,0.10300055250966891,15.0111934710294,0.0014516874406423964
82,42221,55213,12992,0.3077141706733616,15.0111934710294,0.003891133325526308
19,43699,52469,8770,0.20069109132932103,15.0111934710294,0.002626634795633137
83,39215,63641,24426,0.6228739002932552,15.0111934710294,0.007315642134336945
20,181653,203893,22240,0.12243122877133876,15.0111934710294,0.006660930200100453
84,136296,189701,53405,0.3918310148500323,15.0111934710294,0.01599491804569985
151,43551,51805,8254,0.18952492480080824,15.0111934710294,0.0024720916309185765
152,44162,44005,157,0.0035550926135591685,15.0111934710294,4.7021854380205536E-5
153,151318,164065,12747,0.08423981284447322,15.0111934710294,0.0038177552725126114
31,43255,69684,26429,0.6110045081493469,15.0111934710294,0.007915545155506064
32,49079,57815,8736,0.17799873673057723,15.0111934710294,0.0026164517188883795
33,142089,173806,31717,0.22321924990674857,15.0111934710294,0.009499313091573114
103,51492,53876,2384,0.046298454128796705,15.0111934710294,7.140133811618471E-4
104,41501,48413,6912,0.16655020360955158,15.0111934710294,0.0020701596017578387
105,152646,163408,10762,0.07050299385506335,15.0111934710294,0.00322324329197307
46,41272,49638,8366,0.20270401240550495,15.0111934710294,0.0025056358837248376
238,45584,52716,7132,0.15645840645840645,15.0111934710294,0.0021360500983415662
47,71287,52730,18557,0.2603139422335068,15.0111934710294,0.005557863386837415
239,42427,58468,16041,0.3780847102081222,15.0111934710294,0.0048043157077253314
48,127876,169405,41529,0.32475992367606116,15.0111934710294,0.012438029239207362
240,114653,162262,47609,0.4152442587633991,15.0111934710294,0.01425900296297583
178,41560,51052,9492,0.2283926852743022,15.0111934710294,0.002842875425330643
179,40303,51991,11688,0.290003225566335,15.0111934710294,0.0035005823821391228
180,108894,149411,40517,0.37207743310007896,15.0111934710294,0.012134932954922215
126,42471,55864,13393,0.3153445880718608,15.0111934710294,0.004011233730663011
63,41839,53235,11396,0.27237744687970555,15.0111934710294,0.003413127723037085
127,36262,49249,12987,0.3581435111135624,15.0111934710294,0.003889635814240314
0,92872,98416,5544,0.05969506417434749,17.559313969686627,0.0014165804300333448
64,54158,69286,15128,0.2793308467816389,17.559313969686627,0.0038654453004228788
128,211539,213861,2322,0.010976699332038063,17.559313969686627,5.933080372542256E-4
65,204246,198853,5393,0.02640443386896194,17.559313969686627,0.0013779975214952794
3,49930,51819,1889,0.03783296615261366,17.559313969686627,4.8266963065169343E-4
4,55777,59232,3455,0.06194309482403141,17.559313969686627,8.828076092650083E-4
5,81059,86017,4958,0.06116532402324233,17.559313969686627,0.0012668480829915807
6,62902,67358,4456,0.07084035483768401,17.559313969686627,0.0011385790757988067
7,170078,201426,31348,0.1843154317430826,17.559313969686627,0.008009914018882628
8,59351,77836,18485,0.31145220805041196,17.559313969686627,0.004723212346530732
9,301274,314355,13081,0.043418947536129904,17.559313969686627,0.0033424041495790373
270,19415,21778,2363,0.12171001802729849,17.559313969686627,6.037841912281374E-4
207,50984,61184,10200,0.2000627647889534,17.559313969686627,0.0026062626959487945
208,58337,55765,2572,0.044088657284399264,17.559313969686627,6.571870249000294E-4
209,143770,159009,15239,0.10599568755651388,17.559313969686627,0.0038938075709376158
18,55474,60447,4973,0.08964559974041894,17.559313969686627,0.001270680822250329
82,55649,64709,9060,0.1628061600388147,17.559313969686627,0.0023149745122839293
19,55720,59692,3972,0.07128499641062455,17.559313969686627,0.0010149093557165307
83,76836,76629,207,0.002694049664219897,17.559313969686627,5.2891801770725535E-5
20,194441,233713,39272,0.20197386353701122,17.559313969686627,0.010034622411304026
84,187522,223053,35531,0.18947643476498757,17.559313969686627,0.009078737240172217
151,50870,60586,9716,0.19099665814822095,17.559313969686627,0.0024825929758665183
152,54910,51719,3191,0.058113276270260424,17.559313969686627,8.153513983110396E-4
153,137018,192416,55398,0.40431184223970573,17.559313969686627,0.014155072630408954
31,56904,76378,19474,0.34222550260087164,17.559313969686627,0.004975917621657532
32,51678,67843,16165,0.3128023530322381,17.559313969686627,0.004130415341177673
33,154244,202834,48590,0.3150203573558777,17.559313969686627,0.012415520038838425
103,69365,63069,6296,0.09076623657464139,17.559313969686627,0.0016087284248719226
104,68637,64207,4430,0.0645424479508137,17.559313969686627,0.001131935661083643
105,139736,190388,50652,0.36248354039045055,17.559313969686627,0.012942393928941014
46,57093,58587,1494,0.026167831432925226,17.559313969686627,3.8174083017132344E-4
238,57218,61562,4344,0.0759201649830473,17.559313969686627,0.0011099612893334867
47,52945,61970,9025,0.1704599112286335,17.559313969686627,0.002306031454013517
239,49062,63500,14438,0.29428070604541195,17.559313969686627,0.0036891392945204602
48,157031,197330,40299,0.25663085632773147,17.559313969686627,0.010297037292552987
240,128520,175317,46797,0.3641223155929038,17.559313969686627,0.01195737993944272
178,62253,60775,1478,0.023741827703082582,17.559313969686627,3.77652574961992E-4
179,56368,60830,4462,0.07915838773772353,17.559313969686627,0.001140112171502306
180,172768,174048,1280,0.007408779403593258,17.559313969686627,3.270604167465154E-4
126,61061,65523,4462,0.07307446651708947,17.559313969686627,0.001140112171502306
63,55128,61884,6756,0.12255115367871136,17.559313969686627,0.0017262657621402017
127,52869,59348,6479,0.12254818513684768,17.559313969686627,0.001655487843828651
0,110560,112904,2344,0.021201157742402315,20.121650571003556,5.104807535253443E-4
64,85456,87278,1822,0.021320913686575547,20.121650571003556,3.967986061958948E-4
128,235045,246664,11619,0.04943308728115893,20.121650571003556,0.0025304077965917133
65,168127,228460,60333,0.35885372367317564,20.121650571003556,0.013139434855991724
3,59952,57499,2453,0.04091606618628236,20.121650571003556,5.342189796918387E-4
4,62747,67887,5140,0.08191626691315919,20.121650571003556,0.0011193989219796373
5,91265,99031,7766,0.0850928614474333,20.121650571003556,0.0016912941688898568
6,77480,75325,2155,0.027813629323696437,20.121650571003556,4.6931997604399194E-4
7,156488,226723,70235,0.4488203568324728,20.121650571003556,0.015295911144988295
8,77185,85633,8448,0.10945131826132021,20.121650571003556,0.0018398214188490227
9,307879,355893,48014,0.15595087680549827,20.121650571003556,0.010456579735395002
270,25740,22932,2808,0.10909090909090909,20.121650571003556,6.115315511515218E-4
207,66806,70175,3369,0.05042960213154507,20.121650571003556,7.337071922469647E-4
208,68433,67569,864,0.012625487703301038,20.121650571003556,1.8816355420046824E-4
209,152543,180749,28206,0.18490523983401402,20.121650571003556,0.006142756029836119
18,67129,69037,1908,0.028422887276735836,20.121650571003556,4.1552784885936735E-4
82,68055,74259,6204,0.09116156050253471,20.121650571003556,0.001351118854467251
19,69548,66957,2591,0.03725484557427963,20.121650571003556,5.642728807099689E-4
83,67230,89689,22459,0.3340621746244236,20.121650571003556,0.004891163499754996
20,221864,263699,41835,0.18856146107525332,20.121650571003556,0.009110905428213644
84,280649,256592,24057,0.08571917234695295,20.121650571003556,0.005239178962269287
151,61067,69416,8349,0.13671868603337317,20.121650571003556,0.0018182610115968856
152,60277,59477,800,0.013272060653317186,20.121650571003556,1.742255131485817E-4
153,222503,220926,1577,0.007087544887035231,20.121650571003556,3.4344204279414167E-4
31,64340,83110,18770,0.29173142679515074,20.121650571003556,0.004087766102248598
32,75877,77927,2050,0.027017409755261804,20.121650571003556,4.464528774432406E-4
33,217604,232023,14419,0.0662625687027812,20.121650571003556,0.0031401970926117494
103,64607,72314,7707,0.11929047935982169,20.121650571003556,0.001678445037295149
104,62375,82916,20541,0.329314629258517,20.121650571003556,0.0044734578319812705
105,211175,217519,6344,0.030041434828933348,20.121650571003556,0.0013816083192682528
46,57673,67586,9913,0.17188285679607443,20.121650571003556,0.002158871889802363
238,61239,70458,9219,0.1505413217067555,20.121650571003556,0.002007731257145968
47,69521,71261,1740,0.025028408682268667,20.121650571003556,3.789404910981652E-4
239,62793,68560,5767,0.09184144729508066,20.121650571003556,0.0012559481679098384
48,195288,225410,30122,0.15424398836590061,20.121650571003556,0.006560026133826972
240,150921,188444,37523,0.24862676499625633,20.121650571003556,0.008171829912342788
178,63802,70551,6749,0.10578038306009216,20.121650571003556,0.0014698099852997223
179,58953,69718,10765,0.1826030905975947,20.121650571003556,0.0023444220613056026
180,186587,198822,12235,0.06557262831815722,20.121650571003556,0.0026645614417161213
126,65745,75237,9492,0.14437599817476615,20.121650571003556,0.0020671857135079216
63,61885,70581,8696,0.14051870404783065,20.121650571003556,0.001893831327925083
127,90323,69502,20821,0.23051714402754558,20.121650571003556,0.004534436761583274
0,131638,128235,3403,0.025851197982345524,22.83291306067258,5.660662339079496E-4
64,114942,108803,6139,0.053409545683910147,22.83291306067258,0.0010211814898503976
128,287401,281374,6027,0.020970699475645525,22.83291306067258,0.00100255104077673
65,300385,259787,40598,0.13515322003428934,22.83291306067258,0.006753205102613852
3,59089,63509,4420,0.07480241669346241,22.83291306067258,7.352373652286621E-4
4,79416,77044,2372,0.02986803666767402,22.83291306067258,3.9456629645302863E-4
5,118920,112801,6119,0.051454759502186344,22.83291306067258,0.0010178546239443854
6,83186,83755,569,0.006840093284927753,22.83291306067258,9.464933502604271E-5
7,244592,253490,8898,0.036378949434159744,22.83291306067258,0.0014801226415847592
8,89027,93883,4856,0.054545250317319466,22.83291306067258,8.077630419797248E-4
9,366969,399846,32877,0.08959067387163494,22.83291306067258,0.005468868519597902
270,22990,24153,1163,0.05058721183123097,22.83291306067258,1.9345725243460047E-4
207,81744,79690,2054,0.025127226463104325,22.83291306067258,3.4166912854743714E-4
208,80686,81197,511,0.00633319287113006,22.83291306067258,8.500142389860778E-5
209,214904,203751,11153,0.05189759148270856,22.83291306067258,0.0018552267724876175
18,82372,78126,4246,0.051546642062836885,22.83291306067258,7.062936318463573E-4
82,90843,84363,6480,0.07133185826095571,22.83291306067258,0.0010779045535479028
19,71547,74643,3096,0.0432722546018701,22.83291306067258,5.149988422506647E-4
83,131925,103508,28417,0.21540269092287284,22.83291306067258,0.004726977422557215
20,290247,295428,5181,0.0178503136983328,22.83291306067258,8.618246129524204E-4
84,293044,292079,965,0.0032930208432863325,22.83291306067258,1.605212799650812E-4
151,85804,78760,7044,0.08209407486830451,22.83291306067258,0.0011717221720974427
152,63199,67685,4486,0.07098213579328787,22.83291306067258,7.46216022718502E-4
153,261803,251093,10710,0.040908622131908344,22.83291306067258,0.0017815366926694507
31,85499,90233,4734,0.05536906864407771,22.83291306067258,7.874691599530513E-4
32,104473,88596,15877,0.15197227991921358,22.83291306067258,0.002641032499487663
33,280678,262909,17769,0.06330741989040822,22.83291306067258,0.0029557540141964024
103,84048,82096,1952,0.02322482391014658,22.83291306067258,3.247021124267757E-4
104,119204,105797,13407,0.11247105801818731,22.83291306067258,0.002230164560095175
105,254412,246226,8186,0.032176155212804425,22.83291306067258,0.0013616862153307304
46,89064,77108,11956,0.13424054612413544,22.83291306067258,0.0019888004386140012
238,82836,79870,2966,0.03580568834806123,22.83291306067258,4.933742138615864E-4
47,78349,81092,2743,0.035010019272741194,22.83291306067258,4.562796590095521E-4
239,85286,73915,11371,0.13332786154820253,22.83291306067258,0.0018914896108631488
48,297701,255122,42579,0.1430260563451248,22.83291306067258,0.007082731170604345
240,241155,202334,38821,0.160979453048869,22.83291306067258,0.006457613066864681
178,88819,80896,7923,0.0892038865558045,22.83291306067258,0.001317937928666672
179,87552,79122,8430,0.09628563596491228,22.83291306067258,0.0014022739793840774
180,231533,225037,6496,0.028056475750756912,22.83291306067258,0.0010805660462727125
126,89525,85514,4011,0.0448031276179838,22.83291306067258,6.672029574507158E-4
63,92209,79784,12425,0.13474823498790792,22.83291306067258,0.0020668154441099837
127,79123,80247,1124,0.014205730318617849,22.83291306067258,1.8696986391787698E-4
0,147828,144298,3530,0.023879102741023353,25.673576389439404,5.967876257691882E-4
64,97253,134099,36846,0.3788674899488962,25.673576389439404,0.006229245569147736
128,234146,317740,83594,0.35701656231582,25.673576389439404,0.014132539600155671
65,232580,292610,60030,0.2581047381546135,25.673576389439404,0.01014877087108339
3,67763,69806,2043,0.030149196464147102,25.673576389439404,3.4539295168454717E-4
4,83246,86639,3393,0.04075871513345987,25.673576389439404,5.736261796699308E-4
5,128760,127228,1532,0.011898105001553277,25.673576389439404,2.590024483508205E-4
6,92273,92587,314,0.003402945607057319,25.673576389439404,5.308535821289663E-5
7,282165,281534,631,0.0022362801906685805,25.673576389439404,1.0667790137687189E-4
8,93007,102527,9520,0.10235788704076038,25.673576389439404,0.0016094669114228534
9,364844,445897,81053,0.22215796340353686,25.673576389439404,0.013702953946592072
270,31578,25432,6146,0.1946291722084996,25.673576389439404,0.0010390529031097538
207,93268,89658,3610,0.03870566539434747,25.673576389439404,6.103125577979517E-4
208,76367,96730,20363,0.26664658818599657,25.673576389439404,0.0034426023862713824
209,231653,227852,3801,0.016408162208130263,25.673576389439404,6.426033330166245E-4
18,86021,87649,1628,0.018925611187965728,25.673576389439404,2.752323667853367E-4
82,101067,94949,6118,0.06053410114082737,25.673576389439404,0.0010343191768996866
19,75365,82697,7332,0.09728653884429111,25.673576389439404,0.0012395600204361723
83,82940,117987,35047,0.4225584760067519,25.673576389439404,0.005925103660150918
20,310056,328672,18616,0.06004076682921795,25.673576389439404,0.00314725168309326
84,300377,329261,28884,0.09615915998894722,25.673576389439404,0.004883176708985052
151,93455,88549,4906,0.05249585361938901,25.673576389439404,8.2941645666392E-4
152,92327,76286,16041,0.1737411591408797,25.673576389439404,0.0027119179334174357
153,252523,282699,30176,0.11949802592239123,25.673576389439404,0.005101604361249582
31,88994,97696,8702,0.09778187293525406,25.673576389439404,0.0014711744814287467
32,92229,99775,7546,0.08181808324930337,25.673576389439404,0.0012757392136131145
33,299968,295269,4699,0.015665004267121828,25.673576389439404,7.944206950394945E-4
103,93689,92345,1344,0.01434533403067596,25.673576389439404,2.2721885808322633E-4
104,103063,133173,30110,0.29215140254019384,25.673576389439404,0.005090446292325852
105,246514,276303,29789,0.12084100700163074,25.673576389439404,0.005036177502560439
46,93263,87085,6178,0.06624277580605385,25.673576389439404,0.0010444628759212593
238,86543,89732,3189,0.03684873415527541,25.673576389439404,5.39137602996584E-4
47,109346,91393,17953,0.16418524683115981,25.673576389439404,0.0030351638089048828
239,73363,79525,6162,0.0839932936221256,25.673576389439404,0.0010417578895155065
48,261939,286252,24313,0.09281932052882541,25.673576389439404,0.004110395905191579
240,181117,216888,35771,0.1975021671074499,25.673576389439404,0.006047504295011228
178,89535,91735,2200,0.02457139666052382,25.673576389439404,3.719356307909955E-4
179,68267,88976,20709,0.3033530109716261,25.673576389439404,0.0035010977172957847
180,243990,252503,8513,0.03489077421205787,25.673576389439404,0.001439221829510793
126,88763,96282,7519,0.08470871872289129,25.673576389439404,0.0012711745490534068
63,89238,89426,188,0.0021067258342858425,25.673576389439404,3.178359026759416E-5
127,77974,91505,13531,0.17353220304203965,25.673576389439404,0.002287573191014982
0,162865,160327,2538,0.015583458692782366,28.50847167056054,3.988794285557123E-4
64,118657,162144,43487,0.3664933379404502,28.50847167056054,0.006834542832782608
128,266189,354032,87843,0.330002366739422,28.50847167056054,0.013805660221678263
65,268010,325366,57356,0.21400694003955076,28.50847167056054,0.009014235029251944
3,69375,76090,6715,0.09679279279279279,28.50847167056054,0.001055348842691729
4,96989,96214,775,0.007990596871810205,28.50847167056054,1.2180124394431719E-4
5,137958,141626,3668,0.02658780208469244,28.50847167056054,5.764735003712973E-4
6,95506,101401,5895,0.061723870751575816,28.50847167056054,9.264752684538707E-4
7,255914,309521,53607,0.20947271348968793,28.50847167056054,0.008425031334352273
8,97025,111154,14129,0.14562226230353,28.50847167056054,0.002220554549276461
9,334743,491854,157111,0.4693481267718817,28.50847167056054,0.024692019661078216
270,38017,26708,11309,0.29747218349685667,28.50847167056054,0.0017773551842145587
207,95242,99606,4364,0.04582012137502362,28.50847167056054,6.858588755780648E-4
208,70215,113510,43295,0.6166061382895393,28.50847167056054,0.0068043675568635
209,274765,251903,22862,0.08320564846323222,28.50847167056054,0.003593058114909651
18,99891,97152,2739,0.02741988767756855,28.50847167056054,4.3046917053352876E-4
82,96499,105514,9015,0.093420657208883,28.50847167056054,0.00141682350213938
19,117004,90734,26270,0.2245222385559468,28.50847167056054,0.004128669262473823
83,99634,132436,32802,0.3292249633659193,28.50847167056054,0.005155257295305152
20,274254,361848,87594,0.3193900544750487,28.50847167056054,0.01376652666072067
84,278235,366367,88132,0.3167538232070013,28.50847167056054,0.01385108029845234
151,97638,98319,681,0.006974743440054078,28.50847167056054,1.070279317755871E-4
152,95703,84869,10834,0.11320439275675788,28.50847167056054,0.0017027028088938483
153,241965,314241,72276,0.2987043580683157,28.50847167056054,0.011359105428799315
31,101211,105144,3933,0.03885941251445001,28.50847167056054,6.181216676554832E-4
32,121015,110931,10084,0.0833285129942569,28.50847167056054,0.0015848306373348316
33,280299,327563,47264,0.16861993799478414,28.50847167056054,0.007428147088753816
103,102046,102573,527,0.005164337651647297,28.50847167056054,8.282484588213569E-5
104,107815,163965,56150,0.5207995176923433,28.50847167056054,0.008824696577385046
105,278978,306319,27341,0.09800414369591867,28.50847167056054,0.004296990723460098
46,95711,97041,1330,0.013895999414905288,28.50847167056054,2.090266508979895E-4
238,111683,99574,12109,0.10842294709132097,28.50847167056054,0.0019030855005441765
47,109086,101673,7413,0.06795555800011001,28.50847167056054,0.0011650485436893205
239,105677,85124,20553,0.19448886701931356,28.50847167056054,0.0032301689894032918
48,294139,317320,23181,0.0788096784173469,28.50847167056054,0.003643193078546086
240,233070,231412,1658,0.007113742652422019,28.50847167056054,2.6057608059313275E-4
178,101495,102551,1056,0.010404453421350806,28.50847167056054,1.6596401755509542E-4
179,95443,98809,3366,0.03526712278532737,28.50847167056054,5.290103059568666E-4
180,252034,279913,27879,0.11061602799622273,28.50847167056054,0.004381544361191766
126,92166,107029,14863,0.16126337261029014,28.50847167056054,0.0023359121145088858
63,98416,99048,632,0.006421720045521054,28.50847167056054,9.932694990039801E-5
127,136796,102740,34056,0.2489546477967192,28.50847167056054,0.005352339566151827
0,181319,176336,4983,0.027481951698387925,31.339639127254486,6.630949407439572E-4
64,118233,192942,74709,0.6318794245261475,31.339639127254486,0.009941633539642844
128,305321,390277,84956,0.27825141408550347,31.339639127254486,0.01130521649324576
65,360521,358079,2442,0.006773530529428244,31.339639127254486,3.249604345367737E-4
3,74918,82366,7448,0.09941536079446862,31.339639127254486,9.911160181940582E-4
4,96783,105777,8994,0.09292954341154955,31.339639127254486,0.0011968444505420731
5,146180,156005,9825,0.06721165686140375,31.339639127254486,0.0013074268097149064
6,101269,110204,8935,0.08823035677255626,31.339639127254486,0.001188993236112233
7,330992,337472,6480,0.019577512447430754,31.339639127254486,8.623028729722741E-4
8,93494,119769,26275,0.28103407705307293,31.339639127254486,0.0034964518498991517
9,453577,537750,84173,0.1855759882004599,31.339639127254486,0.01120102156276161
270,45740,27983,17757,0.38821600349803237,31.339639127254486,0.002362949400519857
207,103484,109541,6057,0.05853078736809555,31.339639127254486,8.060136576532507E-4
208,99874,131544,31670,0.31709954542723834,31.339639127254486,0.004214372220220976
209,389548,275923,113625,0.2916842083645661,31.339639127254486,0.015120241348993002
18,98080,106643,8563,0.08730628058727569,31.339639127254486,0.0011394906637749358
82,93646,116065,22419,0.23940157614847404,31.339639127254486,0.002983328411908243
19,104146,98760,5386,0.05171586042670866,31.339639127254486,7.167227274426957E-4
83,115645,146866,31221,0.2699727614682866,31.339639127254486,0.004154623147695582
20,346593,394981,48388,0.13961043644851454,31.339639127254486,0.006439060403917038
84,375409,403424,28015,0.07462527536633379,31.339639127254486,0.003727996139863929
151,120276,108076,12200,0.10143336991586019,31.339639127254486,0.0016234714583737262
152,96902,93440,3462,0.03572681678396731,31.339639127254486,4.6069329417129835E-4
153,329424,345742,16318,0.049534945844868616,31.339639127254486,0.0021714596112903657
31,95653,112582,16929,0.17698347150638244,31.339639127254486,0.002252766255640066
32,119896,122073,2177,0.01815740308267165,31.339639127254486,2.8969650531800016E-4
33,307713,359815,52102,0.1693201132223858,31.339639127254486,0.006933287698703924
103,98283,112787,14504,0.1475738428822889,31.339639127254486,0.0019300680354305347
104,91849,198178,106329,1.1576500560702894,31.339639127254486,0.014149352188313109
105,329713,336296,6583,0.01996584908693318,31.339639127254486,8.760092303667408E-4
46,102860,106984,4124,0.040093330740812755,31.339639127254486,5.487865815027251E-4
238,137514,109403,28111,0.2044228224035371,31.339639127254486,0.003740770997241296
47,109011,111939,2928,0.02685967471172634,31.339639127254486,3.8963315000969424E-4
239,140975,90715,50260,0.35651711296329136,31.339639127254486,0.006688170122775694
48,326516,348346,21830,0.06685736686716731,31.339639127254486,0.0029049493390408557
240,408080,245916,162164,0.3973828661046854,31.339639127254486,0.021579395538993188
178,99419,113354,13935,0.1401643549019805,31.339639127254486,0.0018543503911834323
179,97901,108630,10729,0.1095903004055117,31.339639127254486,0.0014277233833517792
180,293385,307287,13902,0.04738483562554323,31.339639127254486,0.0018499590339599622
126,126852,117761,9091,0.07166619367451833,31.339639127254486,0.0012097523793504544
63,97220,108657,11437,0.1176404032092162,31.339639127254486,0.001521937956509861
127,95356,113960,18604,0.19510046562355804,31.339639127254486,0.002475660902588918
0,190834,192337,1503,0.007875955018497752,34.169417425990105,2.0383085375292202E-4
64,93799,226513,132714,1.4148764912205887,34.169417425990105,0.01799814233197957
128,279033,426504,147471,0.5285073808474267,34.169417425990105,0.019999427700463847
65,348415,390776,42361,0.12158202143994949,34.169417425990105,0.005744829538142069
3,88297,88639,342,0.003873291278299376,34.169417425990105,4.6380673309048123E-5
4,112187,115334,3147,0.028051378501965468,34.169417425990105,4.267835640455393E-4
5,163863,170377,6514,0.039752720260217374,34.169417425990105,8.834026489331564E-4
6,119387,119002,385,0.003224806720999774,34.169417425990105,5.2212161473636045E-5
7,361459,365409,3950,0.010927933735223083,34.169417425990105,5.35683215119123E-4
8,106365,128380,22015,0.20697597894044092,34.169417425990105,0.0029855863242651886
9,480448,583624,103176,0.21474956707073398,34.169417425990105,0.013992316810919149
270,44134,29257,14877,0.33708705306566367,34.169417425990105,0.0020175592889435934
207,114984,119471,4487,0.03902282056633966,34.169417425990105,6.085090091745583E-4
208,102800,150843,48043,0.4673443579766537,34.169417425990105,0.00651539967189064
209,296934,299931,2997,0.010093152013578775,34.169417425990105,4.064411634713954E-4
18,111558,116129,4571,0.04097420176051919,34.169417425990105,6.199007534960788E-4
82,114106,126611,12505,0.1095910819764079,34.169417425990105,0.0016958781278644643
19,102600,106783,4183,0.04076998050682261,34.169417425990105,5.672817440109599E-4
83,121361,161290,39929,0.3290101432915022,34.169417425990105,0.005415011416833282
20,343261,428097,84836,0.2471472145102415,34.169417425990105,0.011505119300720488
84,330660,440463,109803,0.3320722191979677,34.169417425990105,0.014891044068284828
151,128208,117828,10380,0.08096218644702359,34.169417425990105,0.0014076941197307589
152,105434,102008,3426,0.03249426181307737,34.169417425990105,4.64620429113447E-4
153,277621,377228,99607,0.35878769977775454,34.169417425990105,0.013508303293258353
31,128751,120017,8734,0.06783636631948489,34.169417425990105,0.0011844701774304863
32,125532,133209,7677,0.06115572125035847,34.169417425990105,0.0010411240613846856
33,274619,392051,117432,0.42761789970832315,34.169417425990105,0.015925658561485787
103,115183,122996,7813,0.06783119036663396,34.169417425990105,0.0010595678379052426
104,132213,235831,103618,0.7837202090565981,34.169417425990105,0.01405225908461096
105,373310,366258,7052,0.01889046636843374,34.169417425990105,9.563640589924192E-4
46,114937,116922,1985,0.01727033070290681,34.169417425990105,2.6919776759783777E-4
238,108277,119227,10950,0.1011295104223427,34.169417425990105,0.0014849952419125057
47,125407,122200,3207,0.025572735174272568,34.169417425990105,4.3492052427519687E-4
239,116755,96304,20451,0.17516166331206373,34.169417425990105,0.002773482894278781
48,329060,379357,50297,0.1528505439737434,34.169417425990105,0.00682107814451811
240,234584,260414,25830,0.11010981141083791,34.169417425990105,0.003502961378867582
178,111003,124151,13148,0.11844724917344576,34.169417425990105,0.0017830792183256279
179,110533,118446,7913,0.07158948006477704,34.169417425990105,0.0010731294382880052
180,285581,334647,49066,0.171811149901429,34.169417425990105,0.006654134843806302
126,109283,128488,19205,0.17573639083846526,34.169417425990105,0.0026045053535095593
63,110891,118262,7371,0.06647067841393801,34.169417425990105,9.99625564213432E-4
127,100604,125175,24571,0.2442348216770705,34.169417425990105,0.003332220830048601
0,208834,208320,514,0.002461285039792371,36.99596106540412,6.0309561705540325E-5
64,151863,262827,110964,0.7306848936212244,36.99596106540412,0.013019825301738477
128,354374,462689,108315,0.3056516561598763,36.99596106540412,0.012709008124777432
65,361977,423435,61458,0.1697842680612304,36.99596106540412,0.007211099306029372
3,86107,94905,8798,0.10217520062248134,36.99596106540412,0.0010323025756524197
4,117395,124881,7486,0.06376762213041441,36.99596106540412,8.783606593923635E-4
5,169989,184732,14743,0.08672914129737806,36.99596106540412,0.0017298518837057996
6,116697,127791,11094,0.09506671122650968,36.99596106540412,0.0013017009291075182
7,396806,393314,3492,0.008800270157205284,36.99596106540412,4.0972955150923504E-4
8,118421,136981,18560,0.1567289585462038,36.99596106540412,0.002177714912947137
9,446947,629446,182499,0.40832358199070584,36.99596106540412,0.021413297085018296
270,56174,30530,25644,0.456510129241286,36.99596106540412,0.0030089073937293307
207,131038,129390,1648,0.012576504525404845,36.99596106540412,1.933660655461682E-4
208,124103,171392,47289,0.3810463888866506,36.99596106540412,0.0055485970106873474
209,305129,323912,18783,0.06155757073237877,36.99596106540412,0.002203880345360241
18,127008,125605,1403,0.011046548248929202,36.99596106540412,1.646192900250449E-4
82,129677,137145,7468,0.05758924096023196,36.99596106540412,8.762486513948933E-4
19,157983,114796,43187,0.2733648557123235,36.99596106540412,0.005067293854819397
83,146422,175696,29274,0.199928972422177,36.99596106540412,0.003434829006552505
20,346121,461175,115054,0.3324097642154044,36.99596106540412,0.01349972045227478
84,399421,477460,78039,0.19538031300307196,36.99596106540412,0.009156610673032415
151,128304,127569,735,0.005728582117471006,36.99596106540412,8.624032656336992E-5
152,146967,110565,36402,0.24768825654738819,36.99596106540412,0.004271184173550737
153,370819,408677,37858,0.1020929348280428,36.99596106540412,0.004442022153790555
31,130495,127443,3052,0.023387869267021726,36.99596106540412,3.581026893488503E-4
32,134381,144333,9952,0.07405808856906855,36.99596106540412,0.0011677057550457924
33,328777,424250,95473,0.2903883179176159,36.99596106540412,0.011202207752360022
103,128713,133194,4481,0.03481388826303482,36.99596106540412,5.257726575924634E-4
104,139356,276891,137535,0.9869327477826574,36.99596106540412,0.016137501107337526
105,403502,396186,7316,0.01813126081159449,36.99596106540412,8.584139171940331E-4
46,139925,126849,13076,0.09345006253350009,36.99596106540412,0.001534256476384524
238,139119,129040,10079,0.0724487668830282,36.99596106540412,0.0011826071448057217
47,152500,132449,20051,0.13148196721311475,36.99596106540412,0.002352659575404259
239,149788,101886,47902,0.3197986487569098,36.99596106540412,0.005620522616378974
48,372814,410333,37519,0.10063731512228619,36.99596106540412,0.004402246003171532
240,292875,274895,17980,0.061391378574477164,36.99596106540412,0.002109661321917539
178,132177,134936,2759,0.02087352565121012,36.99596106540412,3.237238925011396E-4
179,143019,128250,14769,0.10326599962242779,36.99596106540412,0.0017329025619243679
180,395654,361976,33678,0.08511982691948015,36.99596106540412,0.003951566963266901
126,134215,139203,4988,0.03716425138769884,36.99596106540412,5.85260882854543E-4
63,140811,127856,12955,0.09200275546654736,36.99596106540412,0.0015200590892904182
127,140137,136376,3761,0.026838022791982132,36.99596106540412,4.4129233769365204E-4
0,240780,224290,16490,0.06848575463078328,39.820336513221264,0.0019325791235279028
64,119125,301890,182765,1.5342287513116475,39.820336513221264,0.021419516283297583
128,368827,498847,130020,0.3525229985874136,39.820336513221264,0.015237958619836137
65,371642,456069,84427,0.22717292448108664,39.820336513221264,0.009894594157798075
3,98806,101166,2360,0.023885189158553123,39.820336513221264,2.7658500494395696E-4
4,124611,134421,9810,0.07872499217565063,39.820336513221264,0.0011497029230933126
5,183913,199077,15164,0.0824520289484702,39.820336513221264,0.0017771758538009167
6,136339,136572,233,0.0017089754215594952,39.820336513221264,2.730690938641609E-5
7,478189,421197,56992,0.11918300086367524,39.820336513221264,0.006679293475324574
8,118884,145575,26691,0.2245129706268295,39.820336513221264,0.003128106087694557
9,507155,675233,168078,0.33141347319852904,39.820336513221264,0.019698243415665423
270,54464,31802,22662,0.41609136310223266,39.820336513221264,0.002655919229677946
207,145642,139301,6341,0.04353826506090276,39.820336513221264,7.431464052328945E-4
208,111192,193194,82002,0.7374811137491906,39.820336513221264,0.009610391345514559
209,304205,347874,43669,0.14355122368139905,39.820336513221264,0.005117877364787143
18,131672,135073,3401,0.02582933349535209,39.820336513221264,3.9858711941288035E-4
82,125997,147671,21674,0.1720199687294142,39.820336513221264,0.0025401285581166623
19,121371,122803,1432,0.011798535070156792,39.820336513221264,1.6782615554226542E-4
83,126982,190092,63110,0.4969995747428769,39.820336513221264,0.0073963049415309845
20,370011,494228,124217,0.3357116410052674,39.820336513221264,0.014557864219967586
84,391407,514428,123021,0.31430454744038816,39.820336513221264,0.014417696564919716
151,130557,137302,6745,0.05166325819373913,39.820336513221264,7.904940077741482E-4
152,129525,119116,10409,0.0803628643119089,39.820336513221264,0.0012199039476532406
153,345084,440102,95018,0.2753474516349642,39.820336513221264,0.011135827966002078
31,134509,134863,354,0.0026317941550379528,39.820336513221264,4.148775074159354E-5
32,134432,155447,21015,0.1563243870507022,39.820336513221264,0.0024628957113971423
33,384137,456425,72288,0.18818286184356103,39.820336513221264,0.008471939337876594
103,130860,143384,12524,0.0957053339446737,39.820336513221264,0.0014677756787788631
104,110776,321364,210588,1.9010254928865458,39.820336513221264,0.024680289415736443
105,407426,426091,18665,0.04581200021599014,39.820336513221264,0.0021874826768131174
46,136354,136768,414,0.0030362145591621807,39.820336513221264,4.851957290118567E-5
238,153270,138846,14424,0.09410843609316892,39.820336513221264,0.0016904500471659472
47,114185,142691,28506,0.24964750186101503,39.820336513221264,0.003340818708022219
239,102592,107464,4872,0.047489082969432314,39.820336513221264,5.709839593588807E-4
48,392946,441284,48338,0.12301435820698009,39.820336513221264,0.0056650703258394036
240,322283,289365,32918,0.1021400446191701,39.820336513221264,0.0038578920308242268
178,132648,145712,13064,0.0984862191665159,39.820336513221264,0.0015310620782151923
179,102301,138047,35746,0.3494198492683356,39.820336513221264,0.004189325248613002
180,350102,389285,39183,0.11191881223186385,39.820336513221264,0.004592131461321638
126,128167,149909,21742,0.16963805035617593,39.820336513221264,0.0025480979565642003
63,130110,137442,7332,0.056352317270002304,39.820336513221264,8.592886679021578E-4
127,126081,147569,21488,0.17043012031947716,39.820336513221264,0.002518329909421927
0,255154,240291,14863,0.05825109541688549,42.65019712224603,0.0014706796176450682
64,176049,343813,167764,0.952939238507461,42.65019712224603,0.016600087154316573
128,397149,535075,137926,0.3472903116966176,42.65019712224603,0.013647645626274216
65,434503,488767,54264,0.12488751516100004,42.65019712224603,0.005369370838450648
3,99752,107439,7687,0.07706111155666052,42.65019712224603,7.606212891635363E-4
4,144411,143979,432,0.0029914618692481873,42.65019712224603,4.274598632999189E-5
5,205180,213449,8269,0.04030119894726582,42.65019712224603,8.182096318581087E-4
6,134835,145371,10536,0.07813994882634331,42.65019712224603,0.0010425271110481354
7,569320,449135,120185,0.21110271903323263,42.65019712224603,0.011892190664514064
8,122979,154186,31207,0.2537587718228315,42.65019712224603,0.003087902767129761
9,517113,721108,203995,0.3944882453158207,42.65019712224603,0.020185109910617352
270,61175,33076,28099,0.4593216183081324,42.65019712224603,0.002780369143255653
207,146108,149232,3124,0.02138144386344348,42.65019712224603,3.091168085529969E-4
208,168123,216311,48188,0.2866234839968356,42.65019712224603,0.004768156456642706
209,410774,371883,38891,0.09467736516916844,42.65019712224603,0.003848227209166006
18,154506,144559,9947,0.06437937685267886,42.65019712224603,9.842461250565494E-4
82,133579,158217,24638,0.18444515979308124,42.65019712224603,0.0024379065074035654
19,194967,130826,64141,0.3289838793231675,42.65019712224603,0.00634669053053706
83,191482,204516,13034,0.06806906132169081,42.65019712224603,0.0012897018190396164
20,409087,527345,118258,0.2890778734107904,42.65019712224603,0.01170151585975042
84,457146,551468,94322,0.2063279564952991,42.65019712224603,0.009333071580133091
151,157737,147054,10683,0.06772665893227334,42.65019712224603,0.0010570726202854244
152,195975,127684,68291,0.34846791682612577,42.65019712224603,0.0067573290566237875
153,406111,471588,65477,0.1612293190777891,42.65019712224603,0.006478886451224257
31,137552,142298,4746,0.034503315109922064,42.65019712224603,4.6961215537532757E-4
32,194984,166584,28400,0.14565297665449473,42.65019712224603,0.0028101528050272447
33,446759,488662,41903,0.09379329795258741,42.65019712224603,0.004146261724966783
103,137155,153594,16439,0.11985709598629288,42.65019712224603,0.0016266233085155941
104,164961,369375,204414,1.2391656209649553,42.65019712224603,0.020226569559395745
105,427976,456053,28077,0.06560414602688001,42.65019712224603,0.0027781922643221814
46,139152,146707,7555,0.05429314706220536,42.65019712224603,7.475600155627054E-4
238,147347,148670,1323,0.008978805133460471,42.65019712224603,1.3090958313560015E-4
47,194468,152952,41516,0.2134849949606105,42.65019712224603,0.004107968445546165
239,176738,113053,63685,0.3603356380631217,42.65019712224603,0.006301569767188735
48,470425,472296,1871,0.0039772546101929105,42.65019712224603,1.8513365838753433E-4
240,375321,303863,71458,0.19039169137884637,42.65019712224603,0.0070707006740012976
178,143377,156509,13132,0.09159070143746904,42.65019712224603,0.001299398825197809
179,158117,147863,10254,0.06485071181466888,42.65019712224603,0.001014623481082724
180,415142,416646,1504,0.0036228567574468494,42.65019712224603,1.4881935981552732E-4
126,143107,160637,17530,0.12249575492463681,42.65019712224603,0.0017345767138073097
63,125074,147048,21974,0.17568799270831667,42.65019712224603,0.002174306258368615
127,182068,158784,23284,0.12788628424544676,42.65019712224603,0.0023039295039526185
0,279002,256310,22692,0.08133275030286521,45.48316090647131,0.0022444586588657254
64,159772,388573,228801,1.4320469168565206,45.48316090647131,0.022630635713341125
128,426671,571342,144671,0.33906921257830974,45.48316090647131,0.014309363592312857
65,454420,521501,67081,0.14761894282822058,45.48316090647131,0.00663496083621416
3,106243,113719,7476,0.07036698888397354,45.48316090647131,7.394488336717858E-4
4,152339,153547,1208,0.007929683140889727,45.48316090647131,1.194829041031992E-4
5,229206,227837,1369,0.005972793033341186,45.48316090647131,1.3540736400437063E-4
6,145017,154179,9162,0.06317879972692857,45.48316090647131,9.062105690343635E-4
7,457581,477103,19522,0.042663484716367155,45.48316090647131,0.0019309149452836547
8,147106,162807,15701,0.10673256019468955,45.48316090647131,0.0015529810242751081
9,613362,767034,153672,0.2505404638696235,45.48316090647131,0.01519964970144605
270,56320,34352,21968,0.3900568181818182,45.48316090647131,0.0021728480441548675
207,148158,159173,11015,0.07434630597065295,45.48316090647131,0.0010894902224310755
208,161446,240729,79283,0.4910806089961969,45.48316090647131,0.007841856859283064
209,409981,395918,14063,0.034301589585858855,45.48316090647131,0.0013909669539762337
18,139454,154056,14602,0.10470836261419536,45.48316090647131,0.0014442792762540686
82,149698,168775,19077,0.1274365722988951,45.48316090647131,0.001886900133755572
19,168108,138857,29251,0.17400123729983105,45.48316090647131,0.002893207307883013
83,146290,218955,72665,0.49671884612755485,45.48316090647131,0.007187272538624975
20,437499,560499,123000,0.2811434997565709,45.48316090647131,0.012165891725739654
84,440391,588549,148158,0.3364237688781106,45.48316090647131,0.014654261677253136
151,136146,156817,20671,0.1518296534602559,45.48316090647131,0.002044562177746052
152,166105,136261,29844,0.17966948616838746,45.48316090647131,0.002951860753357514
153,448077,503109,55032,0.12281817634022724,45.48316090647131,0.00544319799553581
31,148855,149741,886,0.005952101037922811,45.48316090647131,8.763398430085638E-5
32,168125,177733,9608,0.05714795539033457,45.48316090647131,9.503242902512731E-4
33,449249,520934,71685,0.1595662984224784,45.48316090647131,0.007090341043574366
103,153213,163815,10602,0.06919778347790331,45.48316090647131,0.0010486405209454619
104,165432,420901,255469,1.5442538323903476,45.48316090647131,0.025268359294983608
105,451340,486049,34709,0.07690211370585368,45.48316090647131,0.003433056389501607
46,138859,156656,17797,0.1281659813191799,45.48316090647131,0.001760295732056818
238,149357,158505,9148,0.061249221663531,45.48316090647131,9.048258333907834E-4
47,160613,163225,2612,0.016262693555316194,45.48316090647131,2.583521072165201E-4
239,163494,118648,44846,0.27429752773802096,45.48316090647131,0.004435703905142444
48,491219,503342,12123,0.02467941997357594,45.48316090647131,0.0011990821576515595
240,359782,318377,41405,0.11508357838913565,45.48316090647131,0.0040953556658882145
178,150290,167319,17029,0.1133076052964269,45.48316090647131,0.0016843330910375656
179,138058,157690,19632,0.14220110388387489,45.48316090647131,0.0019417950110546414
180,391604,444037,52433,0.13389291222765856,45.48316090647131,0.005186131714274043
126,146994,171376,24382,0.16587071581152973,45.48316090647131,0.0024116160329836116
63,138702,156663,17961,0.12949344638145088,45.48316090647131,0.001776516921024471
127,199151,170012,29139,0.14631611189499424,45.48316090647131,0.002882129422734372
0,300346,272281,28065,0.09344222996144447,48.30767201818526,0.0026231107223774943
64,184542,435980,251438,1.3624974260601923,48.30767201818526,0.023500791513028772
128,412037,607502,195465,0.4743870089336637,48.30767201818526,0.018269244159968535
65,479434,554137,74703,0.15581498183274445,48.30767201818526,0.006982157145689149
3,118575,119980,1405,0.011849040691545435,48.30767201818526,1.3131910083521753E-4
4,168096,163087,5009,0.02979844850561584,48.30767201818526,4.681689509491847E-4
5,256031,242182,13849,0.054091106155114026,48.30767201818526,0.0012944044323608024
6,158078,162961,4883,0.030889813889345766,48.30767201818526,4.563922913725033E-4
7,581164,504988,76176,0.13107487731518125,48.30767201818526,0.007119831904073687
8,149348,171401,22053,0.1476618367838873,48.30767201818526,0.0020611958225758378
9,741010,812823,71813,0.0969123223708182,48.30767201818526,0.006712041699843043
270,50094,35624,14470,0.28885694893600034,48.30767201818526,0.0013524465402744467
207,157581,169085,11504,0.07300372506837753,48.30767201818526,0.0010752277124614535
208,171491,266346,94855,0.553119405683097,48.30767201818526,0.00886567495354061
209,384431,419881,35450,0.09221420749107122,48.30767201818526,0.0033133538253441006
18,147059,163525,16466,0.11196866563760123,48.30767201818526,0.001539003782457432
82,158140,179301,21161,0.13381181231819905,48.30767201818526,0.0019778245500171087
19,175538,146865,28673,0.1633435495448279,48.30767201818526,0.002679937778112592
83,199658,233352,33694,0.1687585771669555,48.30767201818526,0.0031492283156881276
20,489844,593553,103709,0.21171842464131438,48.30767201818526,0.00969321895268297
84,499021,625519,126498,0.2534923379977997,48.30767201818526,0.01182320542167498
151,167745,166551,1194,0.007117946883662702,48.30767201818526,1.1159786932188592E-4
152,156489,144812,11677,0.07461866329262759,48.30767201818526,0.0010913972529913417
153,396344,534536,138192,0.3486668146862322,48.30767201818526,0.012916191589053652
31,158433,157162,1271,0.00802231858261852,48.30767201818526,1.1879471684096902E-4
32,187210,188848,1638,0.008749532610437477,48.30767201818526,1.5309657449685859E-4
33,455250,553110,97860,0.21495881383855026,48.30767201818526,0.009146538937889243
103,164599,174006,9407,0.057151015498271555,48.30767201818526,8.792304495066841E-4
104,182852,475721,292869,1.6016723907859909,48.30767201818526,0.027373162806056457
105,428907,515955,87048,0.2029530877323056,48.30767201818526,0.008135989387547341
46,154966,166576,11610,0.07491965979634242,48.30767201818526,0.0010851350609942174
238,161022,168311,7289,0.045267106358137396,48.30767201818526,6.812704099558011E-4
47,178704,173467,5237,0.02930544363864267,48.30767201818526,4.894790968498464E-4
239,169213,124226,44987,0.26586018804701766,48.30767201818526,0.00420473479663625
48,452708,534296,81588,0.1802221299380616,48.30767201818526,0.007625667472557813
240,376889,332847,44042,0.1168566872474389,48.30767201818526,0.004116409849811139
178,165550,178096,12546,0.07578375113258834,48.30767201818526,0.001172618817849565
179,144254,167487,23233,0.1610561925492534,48.30767201818526,0.002171485174166981
180,361714,471347,109633,0.3030930514163123,48.30767201818526,0.01024690888389139
126,164206,182083,17877,0.10886934703969404,48.30767201818526,0.0016708836766058247
63,177928,166250,11678,0.0656332898700598,48.30767201818526,0.0010914907185435375
127,171536,181205,9669,0.05636717656934987,48.30767201818526,9.037184241820059E-4
